# x
0.000000000000000000e+00 0.000000000000000000e+00
1.000000000000000000e+00 0.000000000000000000e+00
1.000000000000000000e+00 -1.000000000000000000e+00
-1.000000000000000000e+00 -1.000000000000000000e+00
-1.000000000000000000e+00 1.000000000000000000e+00
0.000000000000000000e+00 1.000000000000000000e+00
0.000000000000000000e+00 9.375000000000000000e-01
0.000000000000000000e+00 9.062500000000000000e-01
0.000000000000000000e+00 8.750000000000000000e-01
0.000000000000000000e+00 8.125000000000000000e-01
0.000000000000000000e+00 7.500000000000000000e-01
0.000000000000000000e+00 6.875000000000000000e-01
0.000000000000000000e+00 6.250000000000000000e-01
0.000000000000000000e+00 5.625000000000000000e-01
0.000000000000000000e+00 5.000000000000000000e-01
0.000000000000000000e+00 4.375000000000000000e-01
0.000000000000000000e+00 4.062500000000000000e-01
0.000000000000000000e+00 3.750000000000000000e-01
0.000000000000000000e+00 3.125000000000000000e-01
0.000000000000000000e+00 2.500000000000000000e-01
0.000000000000000000e+00 1.875000000000000000e-01
0.000000000000000000e+00 1.562500000000000000e-01
0.000000000000000000e+00 1.250000000000000000e-01
0.000000000000000000e+00 6.250000000000000000e-02
6.250000000000000000e-02 0.000000000000000000e+00
9.375000000000000000e-02 0.000000000000000000e+00
1.250000000000000000e-01 0.000000000000000000e+00
1.875000000000000000e-01 0.000000000000000000e+00
2.500000000000000000e-01 0.000000000000000000e+00
3.125000000000000000e-01 0.000000000000000000e+00
3.750000000000000000e-01 0.000000000000000000e+00
4.375000000000000000e-01 0.000000000000000000e+00
5.000000000000000000e-01 0.000000000000000000e+00
5.625000000000000000e-01 0.000000000000000000e+00
5.937500000000000000e-01 0.000000000000000000e+00
6.250000000000000000e-01 0.000000000000000000e+00
6.875000000000000000e-01 0.000000000000000000e+00
7.500000000000000000e-01 0.000000000000000000e+00
8.125000000000000000e-01 0.000000000000000000e+00
8.750000000000000000e-01 0.000000000000000000e+00
9.375000000000000000e-01 0.000000000000000000e+00
1.000000000000000000e+00 -6.250000000000000000e-02
1.000000000000000000e+00 -9.375000000000000000e-02
1.000000000000000000e+00 -1.250000000000000000e-01
1.000000000000000000e+00 -1.875000000000000000e-01
1.000000000000000000e+00 -2.500000000000000000e-01
1.000000000000000000e+00 -3.125000000000000000e-01
1.000000000000000000e+00 -3.750000000000000000e-01
1.000000000000000000e+00 -4.375000000000000000e-01
1.000000000000000000e+00 -5.000000000000000000e-01
1.000000000000000000e+00 -5.625000000000000000e-01
1.000000000000000000e+00 -5.937500000000000000e-01
1.000000000000000000e+00 -6.250000000000000000e-01
1.000000000000000000e+00 -6.875000000000000000e-01
1.000000000000000000e+00 -7.500000000000000000e-01
1.000000000000000000e+00 -8.125000000000000000e-01
1.000000000000000000e+00 -8.437500000000000000e-01
1.000000000000000000e+00 -8.750000000000000000e-01
1.000000000000000000e+00 -9.375000000000000000e-01
1.000000000000000000e+00 -1.000000000000000000e+00
9.375000000000000000e-01 -1.000000000000000000e+00
9.062500000000000000e-01 -1.000000000000000000e+00
8.750000000000000000e-01 -1.000000000000000000e+00
8.125000000000000000e-01 -1.000000000000000000e+00
7.500000000000000000e-01 -1.000000000000000000e+00
6.875000000000000000e-01 -1.000000000000000000e+00
6.250000000000000000e-01 -1.000000000000000000e+00
5.625000000000000000e-01 -1.000000000000000000e+00
5.000000000000000000e-01 -1.000000000000000000e+00
4.375000000000000000e-01 -1.000000000000000000e+00
4.062500000000000000e-01 -1.000000000000000000e+00
3.750000000000000000e-01 -1.000000000000000000e+00
3.125000000000000000e-01 -1.000000000000000000e+00
2.500000000000000000e-01 -1.000000000000000000e+00
1.875000000000000000e-01 -1.000000000000000000e+00
1.562500000000000000e-01 -1.000000000000000000e+00
1.250000000000000000e-01 -1.000000000000000000e+00
6.250000000000000000e-02 -1.000000000000000000e+00
-6.250000000000000000e-02 -1.000000000000000000e+00
-9.375000000000000000e-02 -1.000000000000000000e+00
-1.250000000000000000e-01 -1.000000000000000000e+00
-1.875000000000000000e-01 -1.000000000000000000e+00
-2.500000000000000000e-01 -1.000000000000000000e+00
-3.125000000000000000e-01 -1.000000000000000000e+00
-3.750000000000000000e-01 -1.000000000000000000e+00
-4.375000000000000000e-01 -1.000000000000000000e+00
-5.000000000000000000e-01 -1.000000000000000000e+00
-5.625000000000000000e-01 -1.000000000000000000e+00
-5.937500000000000000e-01 -1.000000000000000000e+00
-6.250000000000000000e-01 -1.000000000000000000e+00
-6.875000000000000000e-01 -1.000000000000000000e+00
-7.500000000000000000e-01 -1.000000000000000000e+00
-8.125000000000000000e-01 -1.000000000000000000e+00
-8.437500000000000000e-01 -1.000000000000000000e+00
-8.750000000000000000e-01 -1.000000000000000000e+00
-9.375000000000000000e-01 -1.000000000000000000e+00
-1.000000000000000000e+00 -1.000000000000000000e+00
-1.000000000000000000e+00 -9.375000000000000000e-01
-1.000000000000000000e+00 -9.062500000000000000e-01
-1.000000000000000000e+00 -8.750000000000000000e-01
-1.000000000000000000e+00 -8.125000000000000000e-01
-1.000000000000000000e+00 -7.500000000000000000e-01
-1.000000000000000000e+00 -6.875000000000000000e-01
-1.000000000000000000e+00 -6.250000000000000000e-01
-1.000000000000000000e+00 -5.625000000000000000e-01
-1.000000000000000000e+00 -5.000000000000000000e-01
-1.000000000000000000e+00 -4.375000000000000000e-01
-1.000000000000000000e+00 -4.062500000000000000e-01
-1.000000000000000000e+00 -3.750000000000000000e-01
-1.000000000000000000e+00 -3.125000000000000000e-01
-1.000000000000000000e+00 -2.500000000000000000e-01
-1.000000000000000000e+00 -1.875000000000000000e-01
-1.000000000000000000e+00 -1.250000000000000000e-01
-1.000000000000000000e+00 -6.250000000000000000e-02
-1.000000000000000000e+00 6.250000000000000000e-02
-1.000000000000000000e+00 9.375000000000000000e-02
-1.000000000000000000e+00 1.250000000000000000e-01
-1.000000000000000000e+00 1.875000000000000000e-01
-1.000000000000000000e+00 2.500000000000000000e-01
-1.000000000000000000e+00 3.125000000000000000e-01
-1.000000000000000000e+00 3.750000000000000000e-01
-1.000000000000000000e+00 4.375000000000000000e-01
-1.000000000000000000e+00 5.000000000000000000e-01
-1.000000000000000000e+00 5.625000000000000000e-01
-1.000000000000000000e+00 5.937500000000000000e-01
-1.000000000000000000e+00 6.250000000000000000e-01
-1.000000000000000000e+00 6.875000000000000000e-01
-1.000000000000000000e+00 7.500000000000000000e-01
-1.000000000000000000e+00 8.125000000000000000e-01
-1.000000000000000000e+00 8.437500000000000000e-01
-1.000000000000000000e+00 8.750000000000000000e-01
-1.000000000000000000e+00 9.375000000000000000e-01
-9.375000000000000000e-01 1.000000000000000000e+00
-9.062500000000000000e-01 1.000000000000000000e+00
-8.750000000000000000e-01 1.000000000000000000e+00
-8.125000000000000000e-01 1.000000000000000000e+00
-7.500000000000000000e-01 1.000000000000000000e+00
-6.875000000000000000e-01 1.000000000000000000e+00
-6.250000000000000000e-01 1.000000000000000000e+00
-5.625000000000000000e-01 1.000000000000000000e+00
-5.000000000000000000e-01 1.000000000000000000e+00
-4.375000000000000000e-01 1.000000000000000000e+00
-4.062500000000000000e-01 1.000000000000000000e+00
-3.750000000000000000e-01 1.000000000000000000e+00
-3.125000000000000000e-01 1.000000000000000000e+00
-2.500000000000000000e-01 1.000000000000000000e+00
-1.875000000000000000e-01 1.000000000000000000e+00
-1.562500000000000000e-01 1.000000000000000000e+00
-1.250000000000000000e-01 1.000000000000000000e+00
-6.250000000000000000e-02 1.000000000000000000e+00
-5.080133717734502952e-02 -9.962838509258811204e-01
-9.982946064988045265e-01 -6.280803410400663811e-01
1.534081998052756468e-01 -9.958735229579240844e-01
2.101831169506669372e-01 -9.979418784736864279e-01
6.543156238393039725e-01 -9.997719721336473242e-01
5.131793849945076591e-01 -9.998341570005080392e-01
4.408835193029725374e-02 -9.972122535474052807e-01
-2.112555206758024440e-01 9.994326504721942062e-01
0.000000000000000000e+00 0.000000000000000000e+00
1.000000000000000000e+00 0.000000000000000000e+00
1.000000000000000000e+00 -1.000000000000000000e+00
-1.000000000000000000e+00 -1.000000000000000000e+00
-1.000000000000000000e+00 1.000000000000000000e+00
0.000000000000000000e+00 1.000000000000000000e+00
0.000000000000000000e+00 9.375000000000000000e-01
0.000000000000000000e+00 9.062500000000000000e-01
0.000000000000000000e+00 8.750000000000000000e-01
0.000000000000000000e+00 8.125000000000000000e-01
0.000000000000000000e+00 7.500000000000000000e-01
0.000000000000000000e+00 6.875000000000000000e-01
0.000000000000000000e+00 6.250000000000000000e-01
0.000000000000000000e+00 5.625000000000000000e-01
0.000000000000000000e+00 5.000000000000000000e-01
0.000000000000000000e+00 4.375000000000000000e-01
0.000000000000000000e+00 4.062500000000000000e-01
0.000000000000000000e+00 3.750000000000000000e-01
0.000000000000000000e+00 3.125000000000000000e-01
0.000000000000000000e+00 2.500000000000000000e-01
0.000000000000000000e+00 1.875000000000000000e-01
0.000000000000000000e+00 1.562500000000000000e-01
0.000000000000000000e+00 1.250000000000000000e-01
0.000000000000000000e+00 6.250000000000000000e-02
6.250000000000000000e-02 0.000000000000000000e+00
9.375000000000000000e-02 0.000000000000000000e+00
1.250000000000000000e-01 0.000000000000000000e+00
1.875000000000000000e-01 0.000000000000000000e+00
2.500000000000000000e-01 0.000000000000000000e+00
3.125000000000000000e-01 0.000000000000000000e+00
3.750000000000000000e-01 0.000000000000000000e+00
4.375000000000000000e-01 0.000000000000000000e+00
5.000000000000000000e-01 0.000000000000000000e+00
5.625000000000000000e-01 0.000000000000000000e+00
5.937500000000000000e-01 0.000000000000000000e+00
6.250000000000000000e-01 0.000000000000000000e+00
6.875000000000000000e-01 0.000000000000000000e+00
7.500000000000000000e-01 0.000000000000000000e+00
8.125000000000000000e-01 0.000000000000000000e+00
8.750000000000000000e-01 0.000000000000000000e+00
9.375000000000000000e-01 0.000000000000000000e+00
1.000000000000000000e+00 -6.250000000000000000e-02
1.000000000000000000e+00 -9.375000000000000000e-02
1.000000000000000000e+00 -1.250000000000000000e-01
1.000000000000000000e+00 -1.875000000000000000e-01
1.000000000000000000e+00 -2.500000000000000000e-01
1.000000000000000000e+00 -3.125000000000000000e-01
1.000000000000000000e+00 -3.750000000000000000e-01
1.000000000000000000e+00 -4.375000000000000000e-01
1.000000000000000000e+00 -5.000000000000000000e-01
1.000000000000000000e+00 -5.625000000000000000e-01
1.000000000000000000e+00 -5.937500000000000000e-01
1.000000000000000000e+00 -6.250000000000000000e-01
1.000000000000000000e+00 -6.875000000000000000e-01
1.000000000000000000e+00 -7.500000000000000000e-01
1.000000000000000000e+00 -8.125000000000000000e-01
1.000000000000000000e+00 -8.437500000000000000e-01
1.000000000000000000e+00 -8.750000000000000000e-01
1.000000000000000000e+00 -9.375000000000000000e-01
1.000000000000000000e+00 -1.000000000000000000e+00
9.375000000000000000e-01 -1.000000000000000000e+00
9.062500000000000000e-01 -1.000000000000000000e+00
8.750000000000000000e-01 -1.000000000000000000e+00
8.125000000000000000e-01 -1.000000000000000000e+00
7.500000000000000000e-01 -1.000000000000000000e+00
6.875000000000000000e-01 -1.000000000000000000e+00
6.250000000000000000e-01 -1.000000000000000000e+00
5.625000000000000000e-01 -1.000000000000000000e+00
5.000000000000000000e-01 -1.000000000000000000e+00
4.375000000000000000e-01 -1.000000000000000000e+00
4.062500000000000000e-01 -1.000000000000000000e+00
3.750000000000000000e-01 -1.000000000000000000e+00
3.125000000000000000e-01 -1.000000000000000000e+00
2.500000000000000000e-01 -1.000000000000000000e+00
1.875000000000000000e-01 -1.000000000000000000e+00
1.562500000000000000e-01 -1.000000000000000000e+00
1.250000000000000000e-01 -1.000000000000000000e+00
6.250000000000000000e-02 -1.000000000000000000e+00
-6.250000000000000000e-02 -1.000000000000000000e+00
-9.375000000000000000e-02 -1.000000000000000000e+00
-1.250000000000000000e-01 -1.000000000000000000e+00
-1.875000000000000000e-01 -1.000000000000000000e+00
-2.500000000000000000e-01 -1.000000000000000000e+00
-3.125000000000000000e-01 -1.000000000000000000e+00
-3.750000000000000000e-01 -1.000000000000000000e+00
-4.375000000000000000e-01 -1.000000000000000000e+00
-5.000000000000000000e-01 -1.000000000000000000e+00
-5.625000000000000000e-01 -1.000000000000000000e+00
-5.937500000000000000e-01 -1.000000000000000000e+00
-6.250000000000000000e-01 -1.000000000000000000e+00
-6.875000000000000000e-01 -1.000000000000000000e+00
-7.500000000000000000e-01 -1.000000000000000000e+00
-8.125000000000000000e-01 -1.000000000000000000e+00
-8.437500000000000000e-01 -1.000000000000000000e+00
-8.750000000000000000e-01 -1.000000000000000000e+00
-9.375000000000000000e-01 -1.000000000000000000e+00
-1.000000000000000000e+00 -1.000000000000000000e+00
-1.000000000000000000e+00 -9.375000000000000000e-01
-1.000000000000000000e+00 -9.062500000000000000e-01
-1.000000000000000000e+00 -8.750000000000000000e-01
-1.000000000000000000e+00 -8.125000000000000000e-01
-1.000000000000000000e+00 -7.500000000000000000e-01
-1.000000000000000000e+00 -6.875000000000000000e-01
-1.000000000000000000e+00 -6.250000000000000000e-01
-1.000000000000000000e+00 -5.625000000000000000e-01
-1.000000000000000000e+00 -5.000000000000000000e-01
-1.000000000000000000e+00 -4.375000000000000000e-01
-1.000000000000000000e+00 -4.062500000000000000e-01
-1.000000000000000000e+00 -3.750000000000000000e-01
-1.000000000000000000e+00 -3.125000000000000000e-01
-1.000000000000000000e+00 -2.500000000000000000e-01
-1.000000000000000000e+00 -1.875000000000000000e-01
-1.000000000000000000e+00 -1.250000000000000000e-01
-1.000000000000000000e+00 -6.250000000000000000e-02
-1.000000000000000000e+00 6.250000000000000000e-02
-1.000000000000000000e+00 9.375000000000000000e-02
-1.000000000000000000e+00 1.250000000000000000e-01
-1.000000000000000000e+00 1.875000000000000000e-01
-1.000000000000000000e+00 2.500000000000000000e-01
-1.000000000000000000e+00 3.125000000000000000e-01
-1.000000000000000000e+00 3.750000000000000000e-01
-1.000000000000000000e+00 4.375000000000000000e-01
-1.000000000000000000e+00 5.000000000000000000e-01
-1.000000000000000000e+00 5.625000000000000000e-01
-1.000000000000000000e+00 5.937500000000000000e-01
-1.000000000000000000e+00 6.250000000000000000e-01
-1.000000000000000000e+00 6.875000000000000000e-01
-1.000000000000000000e+00 7.500000000000000000e-01
-1.000000000000000000e+00 8.125000000000000000e-01
-1.000000000000000000e+00 8.437500000000000000e-01
-1.000000000000000000e+00 8.750000000000000000e-01
-1.000000000000000000e+00 9.375000000000000000e-01
-9.375000000000000000e-01 1.000000000000000000e+00
-9.062500000000000000e-01 1.000000000000000000e+00
-8.750000000000000000e-01 1.000000000000000000e+00
-8.125000000000000000e-01 1.000000000000000000e+00
-7.500000000000000000e-01 1.000000000000000000e+00
-6.875000000000000000e-01 1.000000000000000000e+00
-6.250000000000000000e-01 1.000000000000000000e+00
-5.625000000000000000e-01 1.000000000000000000e+00
-5.000000000000000000e-01 1.000000000000000000e+00
-4.375000000000000000e-01 1.000000000000000000e+00
-4.062500000000000000e-01 1.000000000000000000e+00
-3.750000000000000000e-01 1.000000000000000000e+00
-3.125000000000000000e-01 1.000000000000000000e+00
-2.500000000000000000e-01 1.000000000000000000e+00
-1.875000000000000000e-01 1.000000000000000000e+00
-1.562500000000000000e-01 1.000000000000000000e+00
-1.250000000000000000e-01 1.000000000000000000e+00
-6.250000000000000000e-02 1.000000000000000000e+00
4.428173368735521809e-01 -4.570306903887231265e-01
1.406393519473891907e-01 -1.207492205309179667e-02
1.031293045255778917e-01 -7.385194899739873087e-01
4.894744035107125857e-01 -7.508056071855604419e-01
-3.158282195105308610e-01 3.302053249735104057e-01
-4.140600610728373265e-01 6.367024923308592932e-01
-6.693986348703171441e-01 7.631935500749946755e-01
3.412324914484201610e-01 -8.129894037929319417e-02
-2.206571511576431721e-01 6.516549281601378141e-01
-1.625688153405491221e-02 2.821050244861680323e-01
-3.041748227490090883e-01 8.948322466503639827e-01
-4.747162747396220794e-01 -3.243575304992485364e-02
-5.833410360674768924e-01 -3.852123625290451159e-01
2.417885547345020036e-01 -9.023930893006959497e-01
-9.547209339023723373e-01 -3.758792985753780513e-01
-9.711072577037165310e-01 8.979302262774337962e-01
-3.091674153651509105e-01 -4.536939029972744120e-01
-2.101939976094870932e-01 -2.309282680355102535e-01
-8.586861654726165582e-01 -7.028962177340882800e-01
-6.556164788997456139e-01 5.886551539203748185e-01
-6.839211304873213937e-01 2.369411799344449676e-01
-7.143260148687125000e-01 3.940210719684151819e-01
3.450479480852775005e-02 -4.271690390334441645e-01
-1.685807925988169753e-01 -3.092116304077470179e-01
-6.543787665497575734e-01 -6.224300356054150996e-01
-1.051075615061636270e-02 4.077523664743656351e-01
-3.613135949956238768e-01 6.927176369252157073e-01
1.323523755053788165e-01 -6.757636633206756116e-01
-3.385656418493923070e-01 -3.696095918424031623e-01
-2.862848723802764450e-01 -1.428362444738016102e-01
1.324869392203780194e-01 -6.476696152180372312e-01
2.063428545136098968e-01 -3.068337678783192857e-01
-9.590374952271527587e-01 -8.690831362129132209e-01
-2.994725806864759754e-01 6.420177687913739550e-01
-8.472198273241422495e-01 -2.899482213565496291e-01
6.807334684284835902e-01 -3.897424099799051689e-02
-1.927553460457904766e-01 -3.609394857702641346e-01
-7.446143559958158242e-01 6.510728849040436916e-01
6.503868978046036808e-01 -7.348483990946239608e-01
-3.485279127201668103e-02 -9.434903051063088242e-01
-5.753789506226472117e-01 8.179512428856055006e-01
-9.671414972564851276e-02 3.771041683973188618e-01
-6.237570593716996736e-01 5.326568039688697187e-01
-4.708626223688290313e-01 4.972969856083375717e-02
-1.955755845221971434e-01 9.461747732069587524e-01
5.365765837576710329e-01 -6.789470318577595087e-01
-5.175023844526749350e-02 -3.928114963454407693e-01
6.417326437752706170e-01 -1.051396021479225062e-01
-9.931490962797051569e-01 -9.762622736494592779e-01
-3.639118134021201989e-02 4.593808292025085560e-01
-9.902985378776976155e-01 9.617514692590274361e-01
-5.308894177751772858e-01 -8.312820914657057525e-01
-7.396699128525148215e-01 -3.287634856787513549e-01
-8.789198161072289128e-01 -8.730997122644619246e-01
-3.164157213113369949e-01 4.487569864478209158e-01
-7.995839298864604316e-02 -5.665972194408326335e-01
-3.730748476735383790e-01 3.075007762771404529e-01
-3.440458187177610760e-01 1.358253857261053632e-01
-1.550798472022552055e-02 7.284118363219049819e-01
9.639236986698098697e-01 -8.379599881640114045e-01
-9.519959973740119707e-01 4.172740533057099910e-01
8.351181101246463179e-01 -3.369023168481699582e-01
-8.052121707161010722e-01 2.546066869011598399e-03
7.556359904084146706e-01 -3.974399491550828500e-01
-7.482748318730723103e-01 9.449703787357039975e-01
-8.577243016025160038e-02 4.795792548740480665e-01
-8.894458044465261004e-01 5.895691211353883965e-01
-1.902216615399388022e-01 -8.132623824653719691e-01
-4.932512489262459443e-01 -9.840194800188852842e-01
-5.615886032552277474e-01 -8.873774408068839659e-01
-2.846588562630314456e-02 9.776494101894175337e-01
-5.986388259458288452e-01 -1.386020879638569792e-01
-5.092767501820483211e-01 -4.537395834944346618e-02
-9.680651668862081394e-01 9.763908816375930222e-01
-4.120768697383661028e-01 3.567771608354954882e-01
-3.286066713819322249e-01 9.433992688686210215e-01
-2.487217844683822232e-01 8.120568297761623366e-01
4.496097952987823110e-01 -6.388457594211474078e-01
-7.543334057538411130e-01 7.405340350784292980e-01
4.092815029103828994e-01 -2.349344202157488404e-01
-1.953813447490260202e-02 -3.973632692656663412e-01
7.154554301226077051e-01 -7.873993350896049126e-01
-3.429930468954889289e-01 2.764259825939359150e-01
-5.157794889965898744e-01 -5.469950423084486424e-01
-9.873297903014284227e-01 8.448941579866451335e-01
-1.032824776616876328e-01 -6.101229661813709626e-01
-4.616469103269205121e-02 9.183336873593785921e-01
5.408479863613431249e-01 -1.127977238614901179e-01
-8.558732668299213753e-01 -1.006368900391070298e-01
-4.638675975892432302e-01 -3.831765411648766495e-01
1.438372323195924452e-01 -2.364572795516743930e-01
7.211891910380345827e-01 -3.034224007713195448e-01
-7.492993868953812253e-01 5.773482908064295760e-01
-1.825691070303461228e-01 -9.387553718157877203e-01
8.238988327997158745e-01 -4.206145772191434151e-01
-7.743565443504376589e-01 -5.030943697932583891e-01
-4.287803408504282654e-01 1.107236074207054166e-01
-9.214649270163493000e-01 5.834962039369875342e-01
-3.115691985922099949e-01 -9.442071311590309879e-01
-4.475019704519631603e-01 1.024201654974996600e-01
-7.059852369332841882e-01 2.500217650546390225e-01
-9.799890798648478452e-01 -4.774777748220004892e-01
-6.816764419914180806e-01 1.209511410045231994e-01
4.086987993890578430e-02 -5.770440607945448441e-02
-9.789839685555492554e-01 -7.784642082642068139e-02
-9.216830695809772322e-01 -8.857715826322956065e-01
-8.875496714278665600e-01 1.580221055683754816e-01
-3.612419850159453993e-02 -4.869361705172166044e-01
-3.912713615462926064e-01 1.997806398966106567e-01
4.185955237009877372e-01 -2.112663618745060923e-01
-4.567589849453577155e-01 7.526135464009042764e-01
9.899790559298360382e-01 -3.855683406098560084e-01
-3.273681450924628145e-01 -2.463667863232930078e-01
-2.267457674863693207e-02 -1.663973423057369949e-01
-5.426595290998312837e-01 8.987752144171534674e-02
2.127604943982286390e-01 -5.470128950701660386e-01
8.243014334393670151e-01 -7.782499516338337031e-02
-2.225459069216533248e-01 8.036291407606508397e-01
5.270971171281007006e-01 -7.583889454933494534e-01
-9.781265769242541985e-01 3.677029620357916695e-01
-2.789490715631746109e-01 2.697722253308794116e-01
-2.781345228008551551e-01 5.950163537541106606e-01
1.298209885660839280e-01 -6.752905516835860933e-01
-1.392915394111469141e-01 -1.538064211416079186e-01
-7.169021627690963516e-01 6.138830025579360417e-01
9.813909671468996621e-01 -5.595812281304377578e-01
5.768820640260852173e-03 -6.383849715097911215e-01
-8.189390620806298315e-01 2.872933240720294545e-01
-6.497577882888481149e-01 5.855455084525296172e-01
9.967064356960526617e-01 -6.145140949962639709e-01
1.536311159058838527e-01 -1.659772186004588868e-01
-3.279419947098991539e-01 -1.745207475284566989e-01
-1.829850236319596757e-01 8.020994279742814648e-01
-7.236343150315922568e-01 5.650040867600858441e-01
-3.210492956939141607e-01 6.067987489098438658e-01
-7.319703481324340011e-01 -2.281726289350287651e-01
1.673588982746903042e-01 -1.457726829443095617e-01
-5.314536306524155762e-01 2.801590665472433184e-01
2.187420052412980542e-01 -2.751265001876097571e-01
-7.364827594498379870e-01 2.409625393599974519e-01
-6.248927225020806109e-01 -5.063390182502545134e-01
-7.656021954561795795e-01 3.115758344759511633e-01
8.686817180634520685e-01 -9.962037492944735284e-01
-6.474334490919220197e-01 6.799365711692726411e-01
-6.891864540516916549e-01 5.528467654250934782e-01
-5.063889366847713625e-01 9.088903142284954217e-01
5.749103005730287208e-01 -8.571773376041735837e-01
9.781617731889513667e-01 -1.422403908527447580e-01
-5.101244292111781764e-01 -9.585011643925875902e-01
8.645140480068753686e-01 -1.811784758048724520e-01
-6.157286413319889018e-01 -5.550712745735966180e-01
6.721805525351471911e-01 -8.530653548854942869e-01
4.889033462244842809e-01 -1.629903386435076484e-01
-4.176941078577773858e-01 -2.605925169094402971e-01
-3.194371072463564332e-02 5.743610718183507213e-01
8.905755014105332101e-01 -9.127684463525231884e-01
-6.400971826138861509e-01 3.459823331517779543e-01
1.120413717587709357e-02 -9.649671593062942865e-01
-6.987452645710428012e-01 6.453398793164397684e-01
4.410481458994579551e-01 -8.872714583413503497e-01
4.215161505855482549e-01 -2.392455511690814163e-01
-7.404438666241419664e-01 -7.150565833111570679e-01
-6.885526149168832433e-01 -2.807609242439961239e-01
-5.415418347215559258e-01 2.695978147334066044e-02
-7.151916565463420916e-01 -3.626846443288229693e-01
-9.331892645043493584e-01 4.048499229567885660e-01
-7.372680960621911250e-01 5.536481596819140538e-01
6.166571544921179981e-01 -3.362262283401327156e-01
-2.299782162485735082e-01 -1.215539730720911482e-01
8.872623740033778184e-01 -9.308509452557416353e-01
-9.136155550483888721e-01 -2.458189146872775677e-01
-1.341976117338410379e-01 6.588549338057794191e-01
-5.627849217013345395e-01 -6.922276836482059714e-01
-7.678208089617832854e-02 5.532714548463153470e-01
9.438621228612655845e-01 -3.577796111482072217e-01
-1.038697993794126528e-01 7.418153825955076108e-01
6.786744317854287445e-02 -9.251814843708523473e-01
-2.997079296009155236e-01 -1.867009089334503713e-02
-9.892749328450434199e-01 -6.328986552143991418e-01
-3.304543963589123834e-01 -5.616962588425069569e-01
8.377213630851905179e-01 -7.688284649005039384e-01
-3.962562307147070584e-01 8.434509736579787198e-01
4.189129182204136548e-01 -5.917767595013110338e-01
8.079723756463088602e-01 -6.388437851620243357e-02
-6.864466462942597769e-01 -2.873103059723465247e-01
6.714652514271803874e-01 -8.938595090042058544e-01
2.226476355789253070e-01 -7.231839154867214514e-01
-5.404113458901749212e-02 -8.189575466413028249e-01
-9.576864185771365445e-01 -1.798524779472199242e-01
-6.325577648841482770e-01 -9.266872875123493003e-01
5.520792350779402113e-02 -8.347611338661453662e-01
-8.731278777765894006e-02 8.373969253574138349e-01
-8.080176724075120998e-01 8.107928067141387807e-01
-2.161266162412907033e-01 -7.882118630939274340e-01
4.897891797236832989e-01 -6.346180755305044219e-01
6.331363025831635571e-01 -1.537797592566623184e-01
7.897021960281844777e-01 -9.333556247950594020e-01
9.567922499950056725e-01 -8.323255652693488660e-01
2.557049799909001386e-01 -9.690605339265279117e-01
9.613024540755741310e-01 -1.818552671686630706e-01
-7.251186418860378069e-02 -8.025586552108985305e-01
8.229318454424430218e-01 -6.117891019170791367e-01
-6.308960096119213823e-01 -1.212499630107846116e-01
2.655877741260788127e-01 -7.688368012080344371e-01
-3.797645934383049315e-01 -8.082358078725682127e-01
-1.139028407902258344e-01 2.240595766932302890e-01
-4.139237964680588799e-01 -1.536350100023105014e-01
7.957204183528652219e-01 -7.068790787599419367e-01
-4.497218549987789249e-01 -4.048185772213122036e-01
7.437130589602178876e-01 -3.509833161623965303e-01
-1.483117860105147567e-01 7.951800044529562239e-01
-5.893000588323238365e-01 9.727944238573598135e-01
-2.739376995948841209e-01 2.437262221199916201e-01
-5.314435721750303543e-01 -9.775174049056731818e-01
4.857329401050305417e-01 -7.995186332355650460e-01
-4.284201878594782187e-01 7.115513066121199603e-01
7.057001435532834765e-01 -7.596909874427233422e-01
-1.953625603929212140e-01 -7.450980323479150513e-01
2.611151815720968994e-01 -3.087025803577223559e-01
-7.492397817881291111e-01 -2.333215027607615788e-02
-5.044591299840304188e-01 7.921272596759674212e-01
9.218916636299285816e-01 -2.509080756371522281e-01
9.826801787304308977e-01 -4.669433624233070290e-01
4.940359077091338591e-01 -8.514094580714492988e-01
4.267893603697530125e-01 -7.917661106769799950e-01
-6.293254755384893873e-01 7.394893962470727722e-01
5.922577688152805830e-01 -2.839547566937494771e-01
-2.986687127132010566e-01 -3.653148672123316398e-01
3.575478321073790600e-01 -5.005619081304801821e-01
-6.938023438115235031e-01 -9.055326378200472259e-01
-4.607429442445800660e-01 -3.715121436923689568e-01
-7.288420384250033912e-01 6.346976461668196734e-02
1.510477090735831140e-01 -2.366895132908897192e-01
4.661939228160090209e-01 -3.514046826721803907e-01
-5.112981509074214781e-01 -1.050070383806223084e-01
-1.800871915133133161e-01 4.025991216002962059e-01
-2.703138873043773316e-01 6.119889610369537714e-01
-8.367599612181386703e-01 2.971154858855278302e-01
-8.864279055287629383e-01 4.196569868328863251e-01
-7.222185617768501764e-01 -2.086529718489138485e-01
4.897559717794424117e-01 -6.743418409142671877e-01
-7.168859818739448109e-02 6.693280921856716859e-01
-3.826315299439646544e-01 -9.678864771848818549e-01
-7.381221779697240137e-01 -4.497053594629529805e-02
2.505169924064554188e-01 -8.812329240385983198e-01
6.986588097818462462e-01 -5.944595338734484091e-01
-3.233759419160342485e-01 -6.373588293174938801e-01
9.481608334890743173e-01 -1.215163844777849000e-01
-4.893123354836963479e-01 -6.931484919579420367e-01
-5.704640985080942084e-01 -1.206165645293779676e-01
6.063893073962149938e-01 -6.776145712697474455e-01
-6.863284869660095655e-01 -2.288816564241193952e-01
8.377826351581019182e-01 -9.182362573084008606e-01
-1.475091791740741343e-01 6.719932535591102152e-01
-4.686821282430477797e-01 -8.507665393296324208e-01
-9.390997486169834207e-01 -3.891970373947368778e-01
4.505731972664861473e-02 -7.079224871442688638e-01
-5.645959930229664803e-01 -1.209113527462430948e-01
4.426316229317137640e-01 -7.182444711465587606e-01
6.687351486441415194e-01 -9.129937769574965056e-01
-7.627585674461356824e-02 7.045234069223578199e-01
-9.942877099151428144e-01 1.646406819906642838e-02
-4.234957578538245393e-01 8.233429315772817780e-01
-7.873457042823237551e-01 -5.345764697079249395e-01
-2.477789406494597113e-01 2.610918832108803933e-01
-7.894110764279425041e-01 8.243450207805393948e-01
9.795770593362740364e-01 -2.055647351748632889e-01
-1.258196351457094853e-01 -9.122308368440730231e-01
-8.802827045311856224e-01 -7.468241116004685765e-01
-1.945327987299323436e-01 3.587013607517164360e-02
-1.252789699293039849e-01 -4.363020099173662292e-01
-9.935311614510222711e-03 -8.492453294810269337e-01
1.454774582827207396e-01 -1.725052420806802989e-01
1.435476373704245301e-01 -7.161321575917838356e-01
4.804068702969988003e-02 -7.730003457778933385e-01
-5.575065547446580450e-01 -6.170011560649719673e-01
3.939718619144283451e-01 -6.676181593684293869e-01
-8.732391763550833019e-01 -5.943486060323994735e-01
2.924314241308589857e-01 -8.919779832759064941e-01
-3.239177287065944100e-01 -6.599519414133372397e-01
-4.654177231347222943e-02 -6.335073632270635802e-01
-9.335681020156880727e-01 -6.983973095428948064e-01
-1.154788992352238086e-01 -8.058027126498501502e-01
8.317848337746598375e-01 -7.494252452080212290e-01
3.934981366221013133e-02 -1.504443079341688527e-01
3.831061734307474875e-01 -3.460030699231397833e-03
-9.335772083016620204e-01 3.065861210950362459e-01
1.906050148377993469e-01 -6.370339707481511571e-01
-8.469535167265278552e-01 9.563016861323077045e-01
-2.236290791714059534e-01 -2.006917271554633508e-01
-9.171114527470787259e-01 9.579138648414222690e-01
-6.436404694329562748e-01 9.601897176701028602e-01
2.064169924258627553e-01 -5.105608627636968322e-01
-2.198563824748658302e-01 -6.385341334238501254e-01
-6.709905324431475471e-01 8.705534162411323607e-01
-4.368432593956401710e-01 -4.417164696352640085e-01
-2.204628002682929022e-02 3.484976303551436949e-01
3.781364993025611021e-01 -8.499304322011205226e-01
7.571212227578121290e-01 -5.605417890418522564e-01
-2.967587835001848084e-01 -7.126579733342501832e-01
2.636995244716651143e-01 -3.122619882608950181e-01
-5.323751854817619922e-01 6.799244898884504451e-01
6.878866332048190202e-01 -7.797314866764215591e-01
-4.232898852405824197e-01 -8.167300150767002886e-01
7.287971319543662396e-02 -6.093234972081391643e-01
-1.580569278517032217e-01 -4.461428841918910759e-01
-7.047189790187142755e-01 1.126739189848360301e-01
-7.676061592965459646e-01 9.161734417047793233e-01
-7.332436635685926074e-01 8.383823113161910090e-01
-3.326989525286385696e-01 -3.290688817089926221e-01
6.539033107812703971e-01 -1.961603684172765760e-01
9.237647941207993707e-01 -1.297675119285448542e-01
6.402824458362987858e-01 -1.204115389274611481e-01
1.703606640529415905e-01 -9.754402313431680405e-01
-6.556097589779308343e-02 -3.066417386497926056e-01
-1.146803206768878258e-01 -3.737565417994326289e-02
-8.262076350277336445e-01 -4.553530732495203459e-02
-7.563665008443867244e-01 5.853921483699429107e-01
5.533270284036528874e-01 -9.012879431407792019e-01
8.319405732796505415e-01 -1.483247407567069853e-01
-3.781767738910399856e-01 9.345748992362234997e-01
-8.883712809610999628e-01 -9.764061957439824635e-01
-5.501580596174964199e-01 -4.021584715544417321e-01
-5.352821883311553730e-01 -9.045127809815658448e-01
-7.798787845617265457e-01 -6.050819195528411854e-02
-5.685061818322285632e-01 7.439290723089255764e-01
-2.375017066104532226e-01 5.290003167470194168e-01
2.741923907684820083e-01 -5.198392790588113321e-02
3.266635597461720053e-02 -5.420616936208950687e-01
-6.350493569055062348e-01 2.500070434290486698e-01
9.959595185678202789e-01 -9.922603025369503005e-01
-9.835426059245211405e-01 4.693779134022184607e-01
-4.146406210562323391e-01 3.819094086023768764e-01
-6.024184861611179276e-01 2.879630123681375942e-01
2.990653179954168017e-01 -7.703072723579977854e-01
-4.338230501571203046e-01 1.775286373556403952e-01
-5.339415578462312073e-01 2.580527342702176874e-02
8.424962565918894253e-01 -5.474803971018036286e-01
9.318507503980937301e-01 -5.802989149540487279e-01
-3.980750870331144498e-01 -4.471240831803813265e-02
-5.663401612723095724e-01 1.320413856851458956e-01
1.773346384457346048e-01 -7.698368301066966790e-01
-3.368730155619545918e-01 -6.490067690556018398e-01
-5.510168921023452793e-01 9.782858770710500806e-04
-7.655393430708588021e-01 -9.143181574292367220e-01
4.393589389186569605e-02 -4.245809224791965431e-01
2.664106123610032739e-02 -1.851893650251190682e-01
6.690659939219745223e-01 -8.984330454240561092e-01
-5.694090187909446321e-01 2.082539805148500012e-01
8.398878265318741043e-01 -4.038713902754331730e-01
-6.288106855430957154e-01 9.596687508281187551e-01
-2.015173454019443255e-01 5.270024118086582554e-01
-8.834163996451975809e-01 7.082103568405733185e-01
6.395176532469493136e-01 -4.162077018498624437e-01
-2.620009643835037316e-01 -8.381058750987515626e-01
-2.443890191297699577e-01 -2.526392210564807339e-01
-3.690284622519026669e-01 3.551502919197329078e-01
-9.888394165084712917e-01 6.047759747928782570e-01
-9.375224830400226139e-01 -3.291929334735503865e-01
3.248665901676150991e-01 -8.297204143492908912e-02
-4.240584942655500900e-01 -7.706672260387863460e-01
-8.973233925732480021e-01 -4.836347156367224454e-01
-6.601032559882618056e-01 6.176739144315632757e-01
-5.866195018408906225e-01 9.817426171889069852e-01
-5.603707947531244571e-01 -9.873053273941325703e-01
7.199015394678154323e-02 -8.908856318898281668e-01
-9.745150291480109139e-02 4.260360980523247854e-01
-7.104738595749671148e-02 -5.271418888138292846e-01
-8.151801676000540731e-01 -4.382386195324561307e-02
-6.345665692321516005e-01 -3.188556144192922215e-01
-4.828351632527239090e-02 2.496262173401815332e-01
6.539479742512057658e-01 -8.517520452757625371e-01
-3.147484371401072512e-01 -8.949396915801099972e-01
4.388873916263136277e-01 -8.782340807511870295e-01
-9.652574617893701081e-01 -5.642315277209630775e-01
-8.750485391916551503e-01 -8.753019736796041617e-01
-3.279510225900512665e-01 -3.686596212974675435e-01
-8.276418622131613834e-01 -8.977992830837950855e-01
9.385033219962897189e-01 -5.486853180079944714e-01
-7.626308883292949314e-01 -9.716496021889002854e-01
-4.770297199021766854e-01 -6.707606641228942568e-01
2.003656535655256032e-01 -8.915183394367631742e-01
-6.970828844319088002e-01 7.448293449516070197e-01
-3.376786149531154635e-01 8.057161045323180115e-01
-8.690854993455237043e-01 -2.389526952885314692e-01
8.747009671252872209e-01 -4.411888363257097101e-01
-1.420872910798067768e-01 -9.378724035740217957e-01
5.837618357648837186e-01 -3.725357361859717997e-01
-7.685191687377346259e-01 -5.774686956450174602e-01
-4.132659552194426489e-01 -6.243141327590071565e-01
-9.569976469948566766e-01 -6.803715242455741219e-01
-9.376341131549699170e-01 -7.606180851131956189e-01
-5.943472566238552357e-01 -7.537186230208547943e-01
2.908556092936283033e-01 -3.313995161294447378e-01
-2.245963190269484322e-02 -6.934878392657508606e-01
-9.581966314832439657e-01 -5.193337189607798443e-01
5.154239441944434841e-01 -8.636580986762456558e-01
-1.810545778392858018e-02 -4.689472186055572145e-01
-2.972988965840657194e-01 -7.378670380641703108e-01
5.040113125199878752e-01 -3.091717053597891063e-01
9.202936082607873214e-01 -8.869913253666912301e-01
-7.413964839075577462e-01 2.085219011729300131e-01
-1.256400047161798650e-01 -5.658865215709980578e-01
-5.929221770103327849e-01 -8.490167146527036746e-01
-4.934573490511553473e-01 4.120139737038486238e-01
-1.852616941217160029e-01 -2.833810604763149499e-01
5.820405635311423076e-01 -5.373852660398603653e-02
3.891510565024642876e-01 -3.987508334557769984e-01
-3.557098446576447692e-01 3.677482013894581847e-01
-1.122798301634395646e-01 -4.312523202611666662e-01
-8.398292347180347228e-01 6.120706319984869914e-02
-4.844822201818788088e-02 1.508574972654495028e-01
-1.221960684114649087e-01 5.073851773156914380e-01
9.170418756474121302e-01 -2.669379830107982965e-01
9.135692413254337119e-01 -1.332049426043129259e-01
4.721615849317406521e-01 -1.169475068361915948e-01
-9.568958043314172990e-01 -7.180554437759867348e-01
-1.176484348360364862e-01 -2.912351591838733267e-01
2.012251549993602229e-01 -8.429458208152802445e-01
7.793583167390210065e-01 -9.959042361661771814e-01
-7.542101091319275419e-02 7.668816565800997687e-01
-4.340489843944148607e-01 9.243966764577904449e-01
9.279376431945638437e-01 -3.092139183521021017e-01
-7.865956994835756610e-01 -9.332013062727744224e-01
-1.567331979419650523e-02 5.161494449045727073e-01
8.397147478260829079e-01 -3.994540414061225064e-01
9.837977428280779701e-01 -6.061835616188613329e-01
9.601649424566760516e-03 -3.420329030409074988e-02
-9.555906360887609363e-01 -2.761490807667934533e-01
-7.524519125357231886e-03 -1.832637486705190888e-02
2.111692131903417646e-01 -5.280166552339380370e-01
-6.939128560073033469e-01 -8.761305815937681096e-01
-6.886204548272532033e-01 -1.762202855547734259e-02
-6.564583787073405841e-01 8.895223949157320398e-01
9.418567166119331535e-01 -2.857610804567354279e-01
6.125839675480413415e-01 -8.946013169206823434e-02
-5.234848240551124299e-01 8.736876576378889148e-01
8.122733486770914446e-01 -9.300079003318422188e-01
-1.837269248816533196e-01 -8.705161089307478228e-01
-5.080133717734502952e-02 -9.962838509258811204e-01
8.018026477021065190e-01 -7.400301344766133660e-01
-8.368688896768043950e-01 -8.132899744340216230e-02
-7.249158309937713263e-01 -9.796073199800541254e-01
4.274962183155810447e-01 -4.560031956487808902e-01
-8.390697710482462046e-01 -4.667592928704302757e-01
-5.220164895766992164e-01 5.026110281080384823e-01
-8.148744123874402945e-01 -6.086902549032591203e-01
6.192063130140710303e-01 -6.748802462409864145e-01
-7.436836183897972408e-01 -3.987619870818790435e-01
-6.511845238586428941e-01 -1.376444016371516366e-01
7.857418698679867752e-01 -1.598917329507114626e-01
-4.275658702524536281e-01 6.879599785188774685e-01
-4.219019744233378777e-01 5.799663234177037108e-01
5.649428746862381612e-01 -6.951611615167634373e-01
-9.499187854851163237e-01 1.062499518619912653e-01
-9.859450589499660911e-01 2.795437840265846408e-01
-3.766364380560038860e-01 7.575494993145941436e-01
-2.047894617383629878e-01 1.042732167397111276e-01
-1.177462526661978703e-01 -8.214787651904982280e-01
5.347773242778917080e-01 -9.347478386958336660e-01
-3.037991626014753255e-01 3.554544992681667459e-01
-4.764430917509279162e-01 1.708134013662445660e-01
-1.151078098144875383e-01 -8.057490758849850110e-02
-1.314356194814256806e-01 -9.812335614998120015e-01
-1.616900947602217808e-01 8.124137284706733908e-02
8.028939806338293295e-01 -3.219230234736856211e-01
4.907333027196976172e-01 -7.453580717079915097e-01
-9.982946064988045265e-01 -6.280803410400663811e-01
-5.892138070805745809e-01 1.553883438527874361e-01
5.802038580982347149e-01 -5.178371202756304470e-02
-4.685318548365622338e-01 -6.844862911001270422e-01
-6.948824160318345378e-02 -1.374124166460897190e-01
-3.388193854682226558e-01 -6.735525353436377927e-01
-9.332176247697150373e-01 1.749387374603947887e-01
-9.589174000194655711e-01 -1.880981477060839069e-01
-6.826320395476985770e-01 6.730736991102812539e-01
-8.430803104116124658e-01 -1.935992493625040556e-01
-3.180506146890211827e-01 5.358043470407463094e-01
-3.178025589050561539e-01 2.941498888268347933e-01
-9.351243320446485097e-01 5.633896798934561190e-01
-6.339467457001575212e-01 6.304982056674726110e-01
5.776257552266321760e-01 -7.168024119013536311e-01
-1.728477633955221027e-01 5.638363112866617843e-01
1.649880525299591838e-01 -4.455502085647933264e-02
-8.714528265118905992e-01 -9.268729840801637199e-01
4.374624770976662802e-01 -4.773000774706219751e-01
-3.907301386508801322e-01 2.512023613231042507e-01
-8.236226359700238309e-01 -4.389278761460531086e-01
-6.361660011364624889e-01 4.360292503303095923e-01
-7.316771714402234839e-01 -9.145065206065345897e-01
-7.601834727874294817e-01 -6.080617314900982340e-01
-7.155087022234427607e-01 -5.944185534374557545e-01
-7.606226026956586228e-01 7.608290257833048020e-01
9.674418203297503460e-01 -9.344681439909818810e-01
3.491635232597301020e-01 -4.374458450439933088e-02
-6.663587521753111531e-02 -7.543218399278985853e-01
-2.383402464151704869e-01 -5.606388732481455417e-01
-5.109332801802939361e-01 6.428855381740319341e-01
-2.850652096747736675e-01 4.046404529288536445e-01
6.235336834852542864e-01 -8.517711947386754634e-01
-4.160868496932801364e-02 2.398716984814752706e-02
8.179866593951174991e-01 -4.452402365134566775e-01
-7.263385391629229026e-02 -7.279889979057767579e-01
-4.564602964071471369e-01 5.282934563583494558e-01
-8.648458237279008642e-01 -9.246018204551209596e-01
-6.326442504688991608e-01 9.124671803601238640e-01
-1.804299458885281204e-01 -4.407734416776429853e-01
-1.486288668461035467e-01 -7.215979766143176821e-01
9.391999437748181911e-01 -5.725059361593021201e-01
-2.165572192375277982e-01 -7.423051661161907955e-01
-5.531346928559293108e-01 1.684472444336251318e-01
-8.376264591012749783e-01 -7.708169862885752011e-01
-9.585467954614717012e-01 3.226059517665536003e-01
1.534081998052756468e-01 -9.958735229579240844e-01
-7.845269548815325678e-02 -1.203425832527311723e-01
-4.802106520381406174e-01 3.431611754853813867e-01
-3.387582842454126553e-01 -2.687121176085407459e-01
-8.137132884453706083e-01 -4.602941142496179694e-01
5.965899051345622262e-01 -3.072573172095409699e-01
-6.781494421169389497e-01 3.120327533886646521e-02
-9.115600072447553881e-01 -2.596842190349764046e-01
6.399301491883442328e-01 -4.832130037099797715e-01
-5.818862670331046427e-01 -3.597051127613031252e-01
-7.116618820432136783e-01 -4.406109822223718275e-01
3.585925156730751517e-02 -6.306889061908125260e-01
-3.609130501290196413e-01 3.144690786450634601e-01
-5.413857264063206554e-01 5.703881070123628660e-01
-4.048737230660650610e-01 -4.664578887468102675e-01
-2.372864599003738917e-01 3.335000325693677770e-01
-8.057215822924002069e-01 5.521655738643416189e-01
-9.605142730692839415e-02 -5.492060391319053547e-01
3.576554324061067547e-01 -6.344565421946801731e-01
8.093786756920686720e-01 -8.131933913468347708e-01
3.261266660729347233e-01 -6.711787971212577197e-01
-7.224801524952073617e-01 4.981185803754477615e-01
4.101216436263652731e-01 -9.202667291443427100e-01
7.516404368256164314e-01 -9.020725287207762566e-01
5.784196382564406047e-01 -3.466085381684280708e-01
-8.719100081856139273e-01 5.898956090546920716e-01
-5.206901545331157344e-01 2.418031694879794191e-01
-2.839915551889309331e-01 3.842596901780810370e-01
-4.452360654883169566e-02 3.522018155754746971e-01
-4.019610681835850130e-01 -2.509567338678895254e-01
-7.664553611933886401e-01 8.975411924792231488e-03
8.019126829169838100e-01 -8.673839305345467654e-01
9.682692137022042012e-02 -1.393804132773412974e-02
-5.309903949240459831e-01 -7.568461997601749758e-03
-5.297837727623539994e-01 7.929246168253283322e-01
3.797553130849897762e-01 -5.974398758469781079e-01
-2.968269416613436018e-01 -4.586581336805195530e-01
1.310468504648709676e-01 -3.965829488193239882e-01
1.891291401366987923e-01 -8.642171206985742593e-01
1.512853531424893649e-01 -3.817589951128315118e-01
-7.085334510099361438e-01 -7.146419308082270216e-01
-4.335219680634461170e-01 3.176316664499367892e-01
2.315914938272964907e-01 -4.161566076692653215e-01
-4.060386800885265046e-01 5.481165411343891236e-02
-4.322012573910349875e-01 9.492906177233173537e-02
-2.738142670495700148e-01 5.494855635998554533e-01
-1.788557293807562232e-01 6.970552973262778007e-01
2.888009761636889383e-01 -7.746566741782032750e-01
-4.382465347857085192e-01 -4.057804395483803894e-01
-1.852397971764720985e-01 3.308427050016573556e-01
7.439921198142440684e-01 -4.642305553575409860e-01
-9.562561409490861752e-01 -7.303408348626496682e-01
-4.610386925510980838e-01 8.252122859427730717e-01
-8.354454952957239833e-01 7.870574251475699334e-01
-1.389425967659783101e-01 7.252657936209927492e-02
8.497334755082375235e-01 -2.560817936002204309e-01
-1.279668977312009570e-01 -8.502619357220639884e-01
6.826498330429418004e-01 -3.393389232672427980e-01
-6.713433035041562746e-01 6.112983747647551258e-01
-2.225149306529567994e-01 -2.154447940516250881e-01
1.853788168382877188e-01 -5.856782197707441906e-01
4.227506394857569738e-01 -3.034424611754027445e-02
-3.998823629186267770e-01 2.244513363736446721e-01
-9.407014363999344209e-01 1.137730351351178282e-01
7.628272703153766710e-01 -4.233691684213061190e-01
9.360115628669829491e-02 -1.397052758307968379e-01
-3.421377287163847036e-01 -3.566734972039500295e-01
2.925109482279610873e-01 -2.500127687654580821e-01
-9.240233710390377553e-02 -1.586726974075107766e-01
-7.241211414741897112e-01 3.446803994216673939e-01
8.439566336157684479e-01 -5.384056839030006980e-01
-2.089550644276454427e-01 -1.215092511951427756e-01
-5.262658241017381666e-01 -2.576661882145794280e-01
6.387508855442480815e-02 -1.741271520679659179e-01
7.724365771526930935e-01 -7.369670770115379632e-01
-2.035502277364842350e-01 -2.578725786920508245e-01
-3.634343002908102527e-02 8.994660161051097891e-01
-2.861278028724913991e-01 9.569108168431443850e-01
-4.899089186279759200e-01 7.132710764362069078e-01
-5.712758951469838475e-01 7.329158024463087173e-01
-5.075828784174243324e-01 9.822096091720184940e-01
-5.274003538781313338e-01 -5.293707399543670089e-01
-3.591361560586774360e-01 -7.407216409837316107e-01
-5.224778710672317583e-01 4.496700300747793477e-01
9.947454704188420926e-01 -6.330916337850545084e-01
-9.844220407695614128e-03 3.598425943530312310e-01
6.684392438057507047e-01 -9.121806497133233549e-01
-6.753756357400224619e-01 -6.833820667652523717e-02
9.936981322163760399e-01 -9.941720860298008944e-01
-4.314956032864130098e-01 -8.122447161941781513e-01
4.284164028720751638e-01 -1.875081780430900569e-01
-6.991585566535007956e-02 -3.010126050393306940e-01
-1.435886187571830952e-01 -8.879415085068564917e-01
3.913230906437559220e-01 -3.760510333153515017e-01
-9.010608153192642966e-01 -8.407415667121784786e-01
-5.118683054848165437e-01 -1.973426309643915300e-01
5.940129414285602039e-01 -7.763746992565416782e-01
-4.493151266820736289e-01 8.738079016563742307e-01
-1.470418926129111181e-01 7.861670368742548209e-01
-1.129494509053352580e-02 -6.826198472873847845e-01
-2.936179386900117372e-02 -2.981273451299466526e-01
-7.754673692195022117e-01 -7.879641204548577527e-01
3.445955933673456872e-01 -3.408907281109003762e-01
1.165040523625424651e-01 -3.506796082706764572e-01
-3.337601373800687110e-01 -5.222904382618009933e-01
-9.593027329198311470e-02 -7.743961454105376951e-01
-4.040282416074232330e-01 5.767717573802075837e-01
-6.613807161946805291e-01 -7.716445998456655797e-01
-2.912805075446507352e-01 7.705458952614094859e-01
-7.241777329866065926e-01 4.394296680942275657e-01
-3.352151589539018595e-01 -8.800360081027915893e-01
-5.547713899939830107e-01 -4.993796443411719910e-01
-8.207622358572228549e-01 -7.137278102221522591e-01
-7.756431628812781032e-01 -5.690271152092498674e-01
6.278592538778962062e-01 -5.722871305392747132e-01
4.291532321996216481e-02 -6.549836166319902286e-01
-2.173380404083578021e-01 -5.798900374576505534e-01
-8.476180603759329024e-01 9.594147822749248267e-01
5.207006418243835810e-01 -9.422839733725849598e-01
8.609231467234972346e-01 -5.207106697404864093e-01
-4.052670521209122967e-02 -9.664842122806405200e-02
3.232930194106229393e-01 -2.763844687107153142e-02
-3.613304250600881673e-01 4.965457566578725945e-01
-1.553067926800115739e-01 -3.656928306507762905e-01
4.611160518182122470e-01 -6.890525436092120870e-02
8.279035791477542539e-01 -3.639292320989238050e-01
1.428496518505555368e-01 -8.475481802240329987e-01
-7.914612450629727736e-01 7.763986924263748257e-01
-7.499535547659663681e-01 -7.935886122306663459e-01
4.618413049486025379e-02 -4.059128730780166006e-01
-4.690183944209040945e-01 -7.935776067126525390e-01
9.432632455538068061e-01 -1.489242885952577478e-01
-9.036081219015184018e-01 -3.251785963991291606e-01
-8.153858557114987970e-01 8.173377532384451527e-01
6.300030990110190299e-01 -6.135628781014250688e-01
-3.509156059059554966e-01 -2.602778321210106327e-01
-7.257480010976282703e-01 -1.011515534767488678e-01
1.712737470792249361e-01 -8.009117767594613468e-01
-8.791804339023030490e-01 -7.852075021805793309e-01
-5.140933222021744076e-01 -5.854771387100863311e-01
-6.890216284740418029e-01 4.144601850768547813e-01
-6.568616297515939007e-01 4.347131341080654465e-01
3.838648822300263497e-01 -8.222381530532796301e-01
-1.109062618719132143e-01 -2.520512514943857862e-01
-1.873193335820497740e-01 -7.415650476895438992e-01
1.146694266429852949e-01 -9.775735173918076448e-01
-1.466809199311931433e-01 5.603849423075226710e-01
-9.824959273209761257e-01 7.013007514236002660e-01
1.683291299673994601e-02 -3.333845027399615635e-01
7.424590993922635107e-01 -3.411264372533813205e-01
2.763155375188526275e-01 -3.410012323044500082e-01
6.805513231162105825e-01 -7.774292976113110765e-01
-7.948300402979000534e-01 1.412279122243906837e-01
-2.198094567397612664e-03 6.474205903735961165e-01
-9.788068656207826734e-01 -2.476411091959482835e-01
-9.291642394465393640e-01 7.419194954684333876e-01
-4.723242907066009799e-01 -9.713286481875313960e-01
-4.230175675668530477e-01 -1.010201948685163220e-01
4.570925417580773420e-01 -1.844636406393518335e-01
-3.996987045898863222e-01 1.280180793504859249e-01
3.323272962089021121e-01 -5.969730798505095137e-01
4.737018077636865332e-01 -1.112400318112456432e-01
9.590944392529832108e-01 -3.027814404708004670e-01
6.564895540828099563e-01 -9.730571294920344894e-01
8.698257072909647558e-01 -4.787002663766706245e-01
-5.645213748990143277e-01 5.453022882667746263e-01
6.829238364735088496e-01 -1.473849300216645286e-01
2.101294472271597602e-01 -4.662607333261181708e-01
-9.159498738267781714e-01 7.906147980235607164e-01
-1.253584918319385899e-01 -6.694979945643875219e-02
-4.248634965605004865e-01 1.612875670248992144e-01
-9.876918110040351362e-01 9.903661018027556384e-01
-7.283684477616589881e-01 2.355661178882806350e-01
4.442633674165303859e-01 -8.243255410464658262e-01
2.477367689216891655e-01 -2.790702947969243564e-01
-7.430704775178107457e-01 -2.625084152012602257e-01
-1.261494319105427309e-02 -4.951787018631232939e-01
-1.619994293699433818e-01 -1.070260651572865207e-01
-8.767559024252076227e-01 1.826757863116232894e-01
-6.428535000329160809e-02 -4.134523310197346646e-01
9.364899275958837865e-01 -4.588589518350487673e-01
-3.093061172266529102e-01 -9.852001031579227242e-01
-4.542810890265869261e-01 -5.268113732021708628e-01
2.231971763093685279e-01 -9.495266531210559968e-01
-7.388255416173044043e-01 5.705043859201304191e-01
-6.038517245407528655e-01 2.164984524818525102e-02
-3.406056099987120334e-01 4.034520298798289772e-01
8.001337317691925577e-01 -8.769155777737447366e-02
-8.107568192728915601e-01 5.487762673328597796e-01
-7.679280995758814843e-01 -6.916083040339571220e-01
-4.711680885763509519e-01 5.452919713040049743e-01
3.174683320222571048e-01 -8.944496859595756355e-01
-2.792397640048327467e-02 -1.479210955791423476e-01
4.370392430379241855e-01 -8.188926682944943636e-01
-7.374921654558406203e-01 -6.004861777265260159e-01
-4.301333635058586236e-01 -9.442240615952099958e-01
3.617524156205331742e-02 -4.732884529947489760e-02
-6.570851295091848510e-01 4.122365571335149248e-01
-8.999948064410445703e-01 7.306525967281412015e-01
-8.037710738760579510e-01 4.601736078348177550e-01
-8.710532363880414408e-01 2.710541025872605925e-01
9.347625520078470807e-01 -8.932636897312293822e-01
2.755054336317377395e-01 -1.310399893130598237e-02
2.101831169506669372e-01 -9.979418784736864279e-01
-5.929377718023094435e-01 -6.085920506905249106e-01
-3.947134667425888921e-01 3.508122896393943702e-01
-2.137448050806722843e-01 7.784843386910553775e-01
-8.663450223861532962e-01 -1.526754362582090074e-01
-7.854125352041068098e-01 2.427040017657700055e-01
-2.949159435085215719e-01 8.306383587325807394e-01
3.389962696701087630e-02 -7.150320615583276584e-01
-7.381410450422389857e-01 4.971350750618970249e-01
1.684365361912112391e-01 -6.192443525558923856e-01
3.536033560975544443e-01 -1.927041524216368540e-01
-7.237631533014032836e-01 2.786509778029577777e-01
-4.818835955980931285e-01 -3.962649265192177417e-01
-8.601919280339198615e-01 -2.780441583724810872e-01
-6.298728042487276024e-01 5.054145015220505854e-01
-2.233721773584285142e-01 -8.117792529888303577e-01
-8.381368076430750769e-02 8.431481119419403925e-02
-9.112590000133315993e-01 2.402938767368980599e-01
9.793704031406496036e-01 -5.012636724527768095e-01
8.511952865202165874e-01 -8.413485346855049674e-01
-4.026944151099198788e-01 6.776718126688692223e-01
-3.921490764930948281e-01 7.395245083011514620e-01
7.133085070393476723e-01 -8.514986107065714016e-02
1.900758683316063902e-01 -2.701019274136247095e-01
-7.318462803548568818e-01 -5.426665860762178717e-01
2.625034663389282930e-01 -8.641668215283977439e-01
-2.089577397824797789e-01 3.023445710963761357e-01
7.415851314234542802e-01 -4.228244297040102406e-01
-3.305689705537420142e-01 -1.182739356017106225e-01
-3.327859689207048888e-01 -1.005143227077864854e-01
-7.061555808108601617e-01 9.199845966287563126e-01
-6.361916961803577575e-01 4.408113546101977143e-02
-6.248416489247208272e-01 5.787412255880874934e-01
-1.191656828033684778e-01 -2.377062113527974585e-01
5.332245958491732551e-02 -4.876296569391964653e-01
3.614179786989908383e-01 -3.801900683806727077e-01
5.553963566407553731e-01 -9.612889091998511049e-01
-9.757270991781328284e-01 -5.032206793883942098e-01
4.861085520939882887e-01 -6.970941471991098926e-01
-5.021471115067566160e-02 5.164932754644948609e-01
-6.091744185670888712e-02 -5.422840117736504872e-01
-9.916532991981648060e-01 5.156801671703181711e-01
7.468335645660786337e-01 -1.124806583941759808e-01
-1.834142278585930708e-01 -9.858549145379336132e-02
-1.696276207283442528e-01 8.184719834951497131e-01
-8.809884789870237043e-01 9.605904855319307156e-01
7.712291186500606077e-01 -8.434671018409249932e-01
6.543156238393039725e-01 -9.997719721336473242e-01
-5.657889078909863478e-01 4.707003435322834051e-01
-3.466661706928457765e-01 3.654899674445213353e-01
-3.513365632857059495e-01 -2.906275796886736984e-01
-3.848682454631193739e-01 5.673476896263478508e-01
-6.010995780174268610e-01 -3.351265286982314517e-01
-7.472457044479321464e-01 9.067999735668406114e-01
-8.302368627507328291e-01 7.405374992174058590e-01
-4.298131745356523759e-01 -8.859618908580881858e-01
5.788589659840293056e-01 -6.708449872497135313e-01
6.164717836170872101e-01 -7.638300873287873216e-01
-3.539823731537694584e-01 9.911755711643142064e-01
-8.291725290136815474e-01 -8.082345486634341380e-01
-2.558932778561151533e-01 9.264179426282184160e-01
-9.508010711012082616e-01 -7.582483267114288328e-01
-8.395817766874138499e-01 7.568852692080916267e-01
-3.272114404519386177e-01 8.075441524739308541e-01
-4.640671434187950695e-01 8.778704827776813158e-01
4.196483481823509720e-01 -4.067347138733832246e-01
-1.517230038183634555e-01 8.685460081560318901e-01
-4.233070455517033981e-01 -1.922855026513596854e-01
-8.860940642363408504e-01 -4.664286047261345658e-02
-6.048481137600703050e-03 -1.387439168012845059e-01
2.368486342924094323e-01 -2.067252365401139880e-01
5.131793849945076591e-01 -9.998341570005080392e-01
5.269292817830084630e-02 -9.282818335267206677e-01
-1.234903211505944398e-01 8.651576242769165592e-01
-6.013637752219027632e-01 6.230991404362347108e-01
1.649836478830966069e-01 -7.837329276550453194e-02
-9.515545038511643572e-01 -2.943746877438613296e-01
-5.731511729639247044e-01 -6.143201091128029923e-01
-8.752709088464594167e-02 -8.793655411676466471e-01
-9.494505702548776682e-01 1.183622372049697447e-02
-2.229438179178528934e-01 -8.194459144212984381e-01
6.263578530760023355e-01 -6.321064243525797988e-01
8.300758315146243849e-01 -5.217435994332582094e-01
-8.721712088189215173e-01 -8.445187242709850661e-01
-9.011639435002243292e-01 9.008248024123288733e-01
-4.233631639582984274e-01 -6.887928882420717436e-01
-1.849283968933472799e-01 6.537101652017003328e-01
-3.273530742250529979e-01 -9.041806574938278107e-01
3.922147696954361162e-01 -9.075800483317921774e-01
-1.557490620552530736e-01 -2.901996145335994370e-01
-1.648825249109597824e-01 -7.761325951534043810e-01
1.405402671658639857e-01 -9.937292747189510056e-01
-4.517356347760099755e-01 -8.276650020053242240e-01
-7.032018728753313130e-01 -3.337646913258864867e-01
3.479292852344870735e-01 -4.348097101729206937e-01
3.506114832449906960e-01 -6.577854736712167583e-01
-6.518543917436341317e-01 -1.102946710819787679e-01
3.803659947982307443e-02 -4.389306581709480071e-01
-3.520181945249936106e-01 -2.399124514238242245e-01
-8.153609083621415898e-01 2.335007075031181323e-01
-4.790866553943939898e-02 -2.733625608965790654e-01
6.841188223968743820e-01 -7.035461786980556909e-01
-2.331978198063426877e-01 3.573468113754623143e-01
8.014477486177906673e-01 -2.983142607680007163e-01
-6.638129547207329839e-01 -8.422437951533272571e-01
-1.939594505045463269e-01 -7.581456249335432052e-01
-9.109402153073076214e-01 6.465893983072203977e-01
-4.231905992355002866e-01 -8.551640101850044307e-01
-5.401495612010238645e-01 -3.384449144739394288e-01
-7.979105621448530083e-01 -2.484393664707231775e-01
-5.448524250310580186e-01 -4.201349873979449701e-01
3.950912230824981108e-01 -7.331793418847134536e-01
3.141143140432558489e-01 -4.565297196579261030e-01
9.984346144082389962e-02 -3.241138855072387415e-01
-1.681731170523301788e-01 -5.669939777692301064e-01
-9.207278118891308871e-01 -6.170899599129775481e-01
-8.716119667868471588e-02 7.587865567189273630e-01
9.078470063744561447e-01 -6.370250464755766728e-02
-9.170620432247911236e-01 -1.788866255194778709e-01
3.645081370394498421e-01 -5.508874861103527643e-01
8.405101652891984187e-01 -8.252178513033359142e-01
-1.627191830349794532e-01 5.758221756145043280e-01
-1.340721610409452147e-01 -2.613194692756493076e-01
-6.359602284585130771e-01 1.448197407558482475e-02
-9.210445962240543238e-02 -3.905337952487046849e-01
-3.628205597233360447e-01 9.474157153593318892e-01
-9.380384942773054568e-01 -8.155189300389860119e-01
-4.092655164588414607e-01 4.655357585810755428e-01
4.216884835207834747e-02 -5.060598806134408711e-01
4.195265093014426405e-01 -8.965022601363490384e-01
-3.103754993610676749e-01 -2.614798000282723134e-01
-8.713145166495710470e-01 -4.038503329770219974e-01
-1.013705989525379714e-01 2.661129927445418097e-01
9.460248478354771340e-01 -1.239440744890722979e-01
-6.299484487408237854e-01 -8.292901060536808089e-01
-6.829200447639522942e-01 -7.405269534215368488e-01
-4.308920916110237087e-03 1.691128043044232143e-01
-1.848764954310839759e-01 4.119983444501111869e-01
-4.031652372307286125e-01 -5.699870468642658228e-01
-4.445906276300368720e-01 -4.577958900057654823e-01
5.123730186465882408e-01 -6.494940693107849050e-01
-9.492659254746584896e-01 8.896033840059991427e-02
-1.788832774927526792e-01 7.667719527537231183e-01
-6.429685313187880613e-01 -2.895285243102108108e-01
-9.950673136419154741e-01 -7.521457888289961868e-01
-6.210732546800299403e-01 9.820922599545034437e-01
-6.493583754066900582e-01 -2.101029936608698190e-01
-5.029313039578997557e-01 2.299235572473441458e-01
-9.509562032520086916e-01 -8.624023779846581306e-01
-3.330364155248037861e-01 -2.805470614103597882e-01
-9.599168863841311961e-02 -2.404651802546333705e-01
-6.245889857416164759e-01 5.226312690200467515e-01
-4.909781131772068541e-01 9.230061834168672430e-01
-2.391315327297820481e-01 1.404184273829549578e-01
3.062448410106080043e-01 -5.210783210873790594e-01
-7.099904549721069991e-01 7.335522937082372685e-01
-3.000767625691171947e-01 -6.495080185184323174e-01
-4.686091503000429093e-01 3.670578565699953444e-01
-7.278617247176573102e-01 9.130589197502221310e-01
-6.185544609547828365e-01 6.933843452454062639e-01
1.656829006769726664e-01 -6.187354004264822294e-02
-6.093495948776441740e-01 -6.349146952855573289e-01
-7.041808886634584042e-01 8.412117304547361840e-02
-4.312997247365779607e-01 -9.810272588511059766e-02
-1.968171980909554364e-01 4.980950047557590743e-01
-2.308749093812836328e-01 1.113488125737625012e-01
-5.858295198419676275e-01 -5.827133943477877942e-01
1.444553312351486429e-01 -2.860088582933295598e-02
9.195352751056569129e-01 -1.152074740192343683e-02
2.871041052612530731e-01 -8.051572243784750338e-01
-3.402361411625083321e-01 2.109224707353836159e-01
-2.522979259186242107e-01 -1.941004114039317496e-01
-9.179676957474725008e-01 2.588373152516394438e-01
-9.589319161329212804e-01 -6.681838321394681923e-01
-8.673853049488098321e-01 -1.178959915192119290e-01
-1.455185334795345842e-01 9.239839537834115824e-01
7.401491828797208683e-01 -9.192776685797270364e-01
-6.784142537876045598e-01 -7.176326033653688263e-01
2.727509681731408175e-01 -6.566202410918586807e-01
-5.089423136109993973e-01 6.495904597289039462e-01
-9.165429032834213618e-01 -2.423894890773368171e-01
-7.417588349319508279e-01 -9.539024539464626695e-01
-2.279765007425644807e-01 -2.416071191434228105e-01
-4.370055553285712158e-01 7.271330463395082599e-01
5.513658655174540346e-01 -9.132673149236094634e-01
-3.284720739497608566e-01 -1.731320740789346058e-01
-6.226357802235633621e-01 7.113446271194947546e-01
7.863023283788705964e-01 -6.706082101584569521e-01
-5.550943015410159109e-01 -6.386224056361806678e-01
7.125522627006817267e-01 -5.688180124356305711e-01
-9.145538213144344120e-02 7.266976142331647015e-01
-1.796536569785160964e-01 6.972702839732165536e-01
-2.132563468298840359e-01 -4.744265340788493823e-01
-1.495099866102347352e-01 9.554685808958551796e-02
1.155463496662723077e-01 -2.926541898333863134e-01
-5.810290704566571929e-01 -8.562870243922704461e-02
-4.860066237121509758e-01 -1.805815632016727346e-01
-6.288512536722641322e-01 2.673214644355961234e-01
-2.217764359185463441e-01 2.725489095448290211e-01
4.939274533798905242e-01 -4.285024946599802487e-01
-2.463339132900685957e-01 -4.064060835153966433e-01
1.997439005372247944e-01 -7.384004681625924160e-01
-1.443391650051140118e-01 2.079578525838068348e-01
4.278938549544502035e-01 -7.534125716568604858e-01
-7.080508406901131480e-02 9.168948486627361838e-01
-5.559224833106979347e-01 1.123392269659087006e-01
8.839659423551649020e-02 -3.992285933674630805e-01
1.929374879561793765e-01 -7.947115722290347684e-01
-6.683692192147014932e-01 -9.141749383123736195e-01
4.242037203643378440e-01 -8.380112731383086988e-01
-6.285481048494963030e-01 -2.857606547338105152e-01
1.792596208280052839e-01 -4.739128573163657876e-01
5.802786849710339645e-01 -4.048988270242959153e-01
1.737104080085236646e-01 -3.897627422058653757e-01
-7.516616792052446261e-01 -8.158734991791187774e-01
-8.430817092878883923e-01 3.123538026547219015e-01
-8.542786917274021175e-01 4.076356586128326853e-02
9.317930426802998323e-01 -1.954637492766591045e-01
-5.787777279420427412e-01 2.221606564730305156e-01
-1.049548978522585330e-02 -3.205543908038677170e-01
3.256877164243956457e-01 -4.246649830547741811e-01
5.781987774407963965e-01 -5.219078320064940435e-02
-8.127332036852521480e-01 2.021253623574958969e-01
-6.444457105822742893e-01 -4.704363238116655577e-01
-3.308905225282048335e-01 5.266571888576281335e-01
-4.466988935263036531e-01 1.526642120850656426e-01
-2.846903061811254521e-01 9.281328184000452453e-01
-5.131822629326945329e-01 -9.642350225684854781e-01
8.339823693171217744e-01 -4.020641553109558508e-01
-8.249204836834249654e-01 3.453340248603626872e-01
8.305499102208675488e-01 -8.702820395347625748e-01
-4.009343711075679106e-01 -4.446877174682333234e-01
-5.232593894855344097e-01 8.241232345064726239e-01
4.350982904495643844e-01 -7.480416970158798584e-02
-1.867482219684828415e-01 -5.712537891686446656e-01
-6.524902402949339653e-02 -4.536113677992354987e-01
-6.551916857655100124e-01 -7.197195389575619107e-01
2.190659746025045429e-01 -5.714199285071297485e-01
-9.320978563414352713e-01 5.249415883418118156e-02
-8.960926456072428881e-01 3.040171410919416672e-01
-9.417590335338907881e-01 1.377615665888607399e-01
9.018103833080637344e-01 -1.912195922306481055e-01
5.730019291279941918e-01 -1.785164016034479495e-01
2.208114007272441448e-01 -1.070313247785890098e-01
-2.576076156904263392e-01 2.250164132130536565e-01
-7.895416950629998709e-01 2.463341697398135910e-01
-8.681240822466476104e-01 6.155112027476228320e-02
-3.500063937477992937e-02 9.562555523599929330e-01
-2.394959687833799755e-01 -8.829920476885724234e-01
1.320443006889897575e-01 -5.816639977988460330e-01
7.390208556873540946e-01 -7.004666027261019501e-01
2.957633246079933720e-01 -6.032772264511776505e-02
-3.258513222746284299e-02 -9.730591725499511124e-01
-5.107651135214505977e-01 -6.073892612383624545e-01
-4.885339734349865015e-01 -5.130507811491271664e-01
-4.332361291356163768e-01 -4.180165164666049815e-01
-3.311565774835569798e-01 -2.349940329660071825e-04
8.408529888062574731e-01 -5.213655776196750580e-01
-5.424637592023768828e-01 4.578303161616552597e-01
-8.655410416020958841e-01 1.547787827991427001e-01
-6.683480110511659245e-01 -1.276994469646541841e-01
-1.338745320159206997e-02 9.105767510188551572e-01
-5.392363570241578419e-01 6.888484847371791897e-01
-5.276280137661280012e-01 5.574276390253922742e-01
2.720469943672387814e-01 -8.882901572229460196e-01
6.749632384836097287e-01 -8.772728754078897850e-01
4.151288855476953366e-01 -1.594656436440948788e-01
-2.267616694028442570e-01 -5.166874143746864601e-01
-5.628600895255910785e-01 -6.280064422724715989e-01
-1.816630022609764250e-01 -3.036101474887704654e-01
9.912690979081160148e-01 -9.026182105701980873e-01
-1.115523243746097126e-01 7.468481829641608893e-01
-8.558706999374265934e-01 1.699350517437629993e-01
-9.140367660688299978e-01 1.483035446971419091e-01
-9.537717408971857491e-01 -6.753846300892827337e-01
-7.138608560109063195e-01 3.186587493015720085e-01
6.529698346654491115e-01 -3.490749638306009928e-01
3.101078636593728177e-01 -2.815345366082793177e-01
-7.054273794127059460e-01 4.909311720206801510e-01
-3.048529639704611327e-02 -6.723253730428613295e-01
-9.669689102332961195e-01 2.819421385574081285e-01
-3.440543344443962592e-01 4.825913814427660320e-01
-7.724846814954435814e-01 6.505044933224128911e-01
-8.687458175266327132e-02 5.168241937313931000e-01
-6.405039853825960083e-01 8.848331268712539277e-01
-5.263593085569102659e-01 -3.537241592000448520e-01
6.435824805058623088e-01 -5.842988318951096716e-01
3.139564389492361940e-01 -1.645855010928303219e-01
-3.689960252385529049e-01 6.880215876791964114e-01
-4.151778990333334640e-01 -7.369048839823060248e-01
-6.864912646527199236e-01 1.302493139171732039e-01
7.195291804293506566e-01 -4.189009314341805013e-01
-1.825654940814058769e-01 5.649959938400821446e-01
-6.465057591724605590e-01 2.453116567023778671e-01
1.110222122019060009e-01 -9.310942624642550847e-01
-9.112060556657062271e-01 -4.825327035495043937e-01
3.576478762144974510e-01 -9.249562283253631723e-01
8.833256069578847569e-01 -4.886258937566889671e-03
-5.191224664757938534e-01 -4.817591056410175376e-02
-5.116277141937521922e-01 8.750715664058925647e-01
-9.933201991796036801e-01 2.287896262113715551e-01
-3.143507668509391006e-01 8.077572266486630070e-01
5.512208924650483510e-01 -8.981316565328612000e-01
-9.148025137719844047e-01 -9.647658664276668183e-01
-1.107793000103987069e-01 -4.681403856338681724e-01
-9.796900406313124865e-01 -2.522255141109046583e-01
4.137551069297220607e-01 -5.630667286182127196e-01
-1.592999640223811131e-01 9.406705029159589948e-01
-6.739781274147231827e-01 -9.690530796007335024e-01
-2.296658163769116356e-03 1.560452425332989890e-01
-9.702139674906107292e-01 1.161181279636580577e-02
3.815730786414275322e-01 -8.756515267285034376e-01
-8.956296762979794046e-01 -6.773763015949925137e-01
-4.723986529299160075e-01 -5.873653853650595558e-01
-3.146915971125694433e-01 -7.444096682636038853e-01
-9.406463774477480388e-01 5.629453501932335513e-03
-5.686503805434079961e-01 1.097347237206764969e-01
8.365704756781497942e-01 -8.188743829344868885e-01
-1.729651385316544054e-01 -8.612364594540309337e-01
1.949935305869365809e-01 -7.716548992562479725e-01
-2.636241076965990526e-01 9.199835429954816846e-02
3.174035925750340326e-01 -4.643684486056831595e-02
-5.145227266528351606e-02 -8.750146635731803624e-01
-3.042185959308052468e-01 -4.589213837633250304e-01
8.626727213595064558e-01 -6.190541256555082139e-01
-7.744651817265881810e-01 8.908210402418514917e-01
-5.472164509234112018e-01 -9.809286808016763892e-01
7.325416411411824757e-01 -3.947560139056092154e-01
-8.323410003586295680e-02 8.583144857896451985e-01
-2.635980696626205599e-01 9.927752457585006240e-01
-9.059362112974274073e-01 -7.894560119101206030e-01
-2.312904017634780374e-01 -8.197956791258869114e-01
-4.732829316084896654e-02 1.065689893786812004e-01
-5.711538633621946470e-01 -8.118634174397767467e-01
-8.003228243401008246e-01 -1.479696254665399113e-01
-7.322808607951005744e-01 9.043642416667334594e-01
7.597018029364035474e-01 -3.457157000441788419e-01
-5.058340974110056010e-01 3.552448373667860260e-02
-2.031496813809636759e-01 -9.015498929467362643e-01
8.756050393930190356e-01 -4.113125061288804840e-01
5.663711162350004713e-02 -9.050922613867036226e-01
-6.981563003328312700e-01 5.390902380020436979e-01
1.626032229305189869e-01 -7.988566460748303122e-02
8.064559124612653562e-01 -5.674924218476151694e-01
-9.191395048575670135e-01 7.261978092733203383e-01
9.200415279147777792e-01 -4.540369985872927394e-01
-1.364783160804297069e-01 -3.301597723443929766e-01
-2.779038410232717027e-01 -7.551617318362957576e-03
-5.469208045081359604e-01 -5.403470724805927716e-01
-6.182877810824372045e-01 6.146502860088225439e-01
5.565866454503587413e-01 -3.806588513603370583e-01
-6.809458433959207913e-01 9.189132614373483054e-01
-4.897838693111136177e-01 7.743182321861745709e-01
-6.228003590578816695e-01 -5.702815963741922900e-01
7.873554558194468811e-01 -9.027785302419548685e-01
-6.440209344663652136e-01 -9.377905605379592835e-01
-1.893633363716740181e-01 9.809881621450045053e-01
-1.758011972490143293e-01 3.100769455871144054e-02
-2.454682699395229761e-01 -9.943261484872878420e-01
-2.183462374375670922e-01 -1.134905981542899678e-01
-6.352147705997095439e-01 -8.646295004692510222e-01
-3.782172711135349807e-01 1.274130024677000428e-01
-6.196323962505474459e-01 9.146854265242516657e-01
-4.777686986691278559e-01 -8.662085316363652421e-01
-5.694209168111656894e-01 9.019047325078588528e-01
-4.529383339188857160e-01 -9.687244733369371197e-02
-1.276080814170281741e-01 -5.298435779517218780e-01
5.398004285123068069e-01 -5.590318998066881040e-01
-1.832081378160999030e-01 9.102119561593779995e-01
-2.604529360979424002e-01 8.380668309264409643e-01
-2.995891414810278874e-01 -6.195799410202091906e-01
9.481441493352527061e-01 -7.905622985803675284e-01
-5.369477702354354953e-01 -2.728462908273241450e-01
-9.856051794796554244e-01 -2.087786243255904672e-01
-7.505393511997007217e-01 -8.980350972477053606e-01
-6.735924387516469825e-01 2.802514099538999659e-02
5.794575391378855578e-01 -1.244904065691838646e-01
-8.722925261977141353e-01 8.389804956607209707e-01
9.693767410049975997e-01 -2.108533929132467843e-01
-7.852762641050641257e-01 4.202091625792310214e-01
-4.640494142881823603e-01 5.803794372246147137e-01
-9.392479195461174157e-01 2.073678349258982756e-01
-4.143979177793912783e-01 8.339688227651298469e-01
-7.478241827804261721e-01 3.238455387305154698e-01
8.949727849101569710e-01 -3.524912048875881165e-01
4.539391845870461850e-01 -7.817943242540472681e-01
-2.788390561310594151e-01 -3.946558027195001817e-01
9.803845670007877988e-01 -3.614613264457238184e-01
-6.463959037720967693e-01 1.924208494397836589e-01
-9.411013287787775017e-01 -1.026346964484325941e-01
7.163227197088888332e-01 -5.824644550520026165e-01
-9.240838105510260636e-01 6.201634443381793815e-01
-8.469479840276261662e-01 -8.440116878983707771e-01
4.408835193029725374e-02 -9.972122535474052807e-01
-5.712116085824288092e-01 4.705619003550762791e-01
6.647540893528702810e-02 -3.943631139082204307e-01
-8.148919503623277549e-01 8.437161968168838122e-02
-1.784352769720023435e-01 -5.327222133663696013e-01
-1.146822982419641868e-01 8.048373934239612115e-01
-5.752300695238674599e-01 -4.785672952241473155e-01
-1.113175911523445194e-02 -3.387961287337852845e-01
7.648223304554220281e-01 -3.366056055075319353e-01
-3.247525496109788801e-01 -2.008232085757446495e-01
-5.567942340754961084e-01 -3.385264779355012799e-01
2.193316044407978005e-02 -1.974185755462831704e-01
3.783294270606187837e-01 -7.872679435846348106e-01
-9.691523511126898249e-01 -2.841304036297520597e-01
-2.001339653189502243e-01 -2.117428689242957240e-01
2.267988811769414692e-01 -7.196512867203406216e-01
-6.061284774983479728e-01 -1.108457222602443615e-01
8.248657421579461690e-01 -6.940791457424664301e-01
-7.225581792334803133e-01 -7.175167664912835974e-01
5.591073373571979754e-01 -5.940618981595344739e-01
4.533326383817670724e-01 -8.351812785261338856e-01
4.051952922373394106e-01 -3.179271010964845878e-02
-7.695786414585343849e-01 -1.993343942962002568e-01
3.639968005820355401e-01 -2.750464328407440373e-01
2.569729559003894881e-01 -3.600499936660130906e-01
2.201159354850457106e-01 -7.578004569784835276e-01
-6.140223844831058653e-01 -2.389051096456966672e-01
-9.671793437846163410e-01 -9.914072203983745890e-01
-9.627761743720966159e-01 8.424791658548698159e-01
-2.489920752070187149e-01 7.227114546007484819e-02
2.323925674148610288e-01 -1.816538938823313298e-01
-3.765522402301284544e-01 -5.687392398160540097e-02
-2.097545994466158970e-01 8.554136290294833689e-01
2.931460993249779268e-01 -4.592089119805102815e-01
-1.030446010631433928e-01 6.646530366064462569e-02
-9.413777950386037485e-01 -7.206062364644028051e-01
-4.737286357758119237e-01 -8.817261433342240551e-01
-7.286055503811632583e-01 -6.920909111001929404e-01
3.418760874592141619e-03 -1.462789509814932387e-01
-4.193647481528237630e-01 6.945014973114198575e-01
-1.343730170824370962e-01 1.803759564137450422e-01
-9.484881277275885036e-01 5.370684612728104934e-01
-2.372992268161338014e-01 -5.314234989568802359e-01
-5.870962495780398527e-01 -2.350161197816988956e-01
-3.784856021240985413e-01 7.750717409466267860e-01
2.689567314069269965e-01 -3.251510708454818932e-02
-2.840658870275956094e-01 -7.177388172896081997e-01
-4.846051361426588766e-01 2.350213875200815039e-01
3.650225023791031642e-01 -7.418467482676200930e-01
2.041880675657241628e-01 -5.165601939966775191e-01
-3.961057142790598284e-01 -1.747133870418049462e-01
-1.348811843932320453e-01 -9.531440382448685966e-03
-1.817530762721091264e-01 -7.208886942140695364e-01
-5.546192864937886657e-01 5.493359173737089041e-01
-8.394955331253430852e-01 -2.363671682956305364e-01
-2.860868730777841318e-01 4.029287530076446355e-01
-9.433478641289116950e-02 4.924156120814937587e-02
-6.272059949613502106e-01 1.502481661366119603e-01
2.384377827864028188e-01 -9.237324035908613951e-01
-9.024285690110533942e-02 -5.130696883096419469e-02
-2.150070105347967608e-01 -3.202517340794697187e-01
8.200250604863552617e-01 -2.500510123424972697e-01
-2.010982368031555279e-01 1.753649920199633616e-01
-4.862050729964066953e-01 4.438384898540741474e-01
2.325470983219730670e-01 -7.690672107078659891e-01
-1.880352610960693838e-01 1.400498605411193420e-01
8.441043690009486511e-02 -8.659396448635412469e-01
-4.640337339595792532e-01 -8.397753779452867828e-01
3.432730374033814424e-01 -6.303052231176744513e-01
-3.105248647994280908e-01 2.640278466946823777e-01
6.801340695095154931e-01 -9.695998333159552285e-01
-5.133950900190911160e-01 -9.823087124996039421e-01
6.960102743888096910e-01 -5.395135593919426764e-01
-5.030477600685914208e-01 5.776981672241425780e-01
-7.236150986769738225e-01 -5.817010966610003386e-01
-9.208354425084401829e-01 -4.959812163190480128e-02
-1.518643836521564872e-01 -3.206124033520629801e-02
-3.104725545364643846e-01 -6.524356318991217929e-01
-8.062542988054275384e-01 -9.800005810865077827e-01
7.961472657315864510e-01 -8.830901682284051368e-01
4.080054874795941977e-01 -6.970311757710161427e-01
8.972759995994716853e-01 -2.715156802068563469e-01
-6.854508043978413401e-01 7.136612194639200268e-01
5.575128088992444830e-01 -4.994019496512007716e-01
9.381123948925744749e-01 -2.804599139680910014e-01
-7.469010101513819944e-01 -8.989657791524785502e-01
-1.711878859988595902e-01 -6.787700484539966883e-01
-4.799790122300708894e-01 -9.555049918979177104e-01
-3.097114342116997765e-01 -2.268188729525435487e-01
4.090807531783342554e-01 -3.015473532392318745e-01
-7.397345762311324791e-02 -7.729314843278340952e-01
-7.349286756983599567e-01 2.430433692367173215e-02
-9.369324044005284957e-01 -9.408221435478290040e-01
8.491684633199660936e-01 -7.723175023927459915e-01
-4.018317211870217065e-01 -2.211502102644460344e-01
1.183855172272845202e-01 -3.472749847778369148e-01
9.957762910685126201e-01 -4.237808896285324423e-01
2.816492764708338203e-01 -7.399504931347133940e-02
-6.629903445986247146e-01 7.638625535677030509e-01
8.639228956223012901e-01 -1.124381834601497765e-01
-4.648560774553978092e-02 4.468319810031664563e-01
5.185077884471271936e-01 -9.810111048526337640e-02
-5.159412457099523674e-01 9.634524489553724091e-01
-7.044586830270249678e-01 -9.189421825422565693e-01
-6.500154882978346205e-01 -5.451045933318510173e-02
-2.657664880963972465e-03 -6.848870780831337601e-01
-7.589830972888855776e-01 -2.251353441460091087e-01
6.829076855166447135e-01 -5.053463747265363182e-01
5.469892488028573752e-01 -8.542365389769941419e-01
-5.733783732653612297e-01 -3.220365685314570126e-01
-7.832671753091988709e-01 1.339399790309139249e-01
-2.802661380047570816e-01 -3.128637113383609947e-01
4.779435767424398129e-01 -2.997679643862267707e-01
8.893584731674599730e-01 -5.584609574855576852e-01
8.085173634753763938e-01 -4.732090474584242923e-01
7.234947292600635294e-01 -7.574292883888922301e-01
4.162753749582575047e-01 -6.259316103157532840e-01
-6.059513166448688981e-01 -9.164933151749825591e-01
6.616131340209285838e-02 -3.517447052678741581e-01
-2.502214629907806298e-01 -5.854646049252427709e-01
-8.148132030420829341e-01 4.379157099114840968e-01
-5.993651706161078341e-01 8.337297987407099598e-01
9.691041082583866650e-01 -4.187579307282285335e-02
4.428914013232470026e-01 -5.590444855517511247e-01
5.181457276194390005e-02 -4.923481565736571586e-01
2.388269942125147427e-01 -4.629017220998603577e-01
-8.131709990089812656e-01 -5.071104318976957792e-01
-5.566280769966127639e-01 5.820899752142614236e-01
-6.614108967774714465e-01 -2.981500633326941152e-01
-8.599190032864234556e-01 7.479700526961738927e-01
-6.610444133519322030e-02 -8.847784354286369890e-01
-3.100982028489260856e-01 -4.630731133637255859e-01
-6.175798388518458637e-01 -1.957169077004499158e-01
-2.284520357593839979e-01 -2.589768485498262773e-01
-9.539504261008668884e-01 -1.154945464384227183e-01
4.808797518441809693e-02 -7.274600601559495505e-01
-5.644470890139232644e-01 9.570219341331631657e-01
-2.621419731376999351e-01 1.902114927444387149e-01
-6.220946203682042874e-01 2.853621483660857550e-01
-4.637527779079511081e-01 5.852762365691739355e-01
1.530308126983352945e-01 -9.214677196613740850e-01
-2.625435082682190391e-01 6.406396442862827278e-01
-6.785882913919352166e-01 3.065139138120651641e-01
2.076932409437113325e-01 -4.789667917563853461e-01
-3.652854271237229167e-01 6.484605863101258194e-01
-8.155189231966744057e-01 5.062005776602092055e-01
-3.028746068652030665e-01 -1.521662217779240489e-01
7.101726153637053507e-01 -2.922529901072690173e-02
9.812463021571429245e-01 -1.614394531963618817e-01
5.871049369184573319e-01 -4.800435520529446887e-01
6.878077980595562746e-01 -2.758175426732467628e-02
-9.389083508127238353e-02 6.356244038100464788e-01
-8.073967946432811793e-01 -1.779847184344751643e-01
-7.741395729100797318e-02 2.947161824741511005e-01
9.230243327847569290e-01 -6.313787275830340384e-01
-1.643685944096715534e-01 -3.591079802235292995e-01
-7.259349180967691328e-01 2.580904133320145455e-01
1.129103911658702053e-02 -8.669097945053918508e-01
5.130472016794440648e-01 -4.270906844951727344e-02
-3.097283378394912745e-01 -2.539928255903916021e-01
4.751235556220916312e-01 -6.868777093028399783e-01
7.006218348450188316e-02 -4.800667065790851229e-01
3.196072213855967181e-01 -4.895524273451039576e-01
9.951267854545289282e-01 -5.372800368939196769e-01
-8.029247292072860809e-02 -7.044768668501961706e-01
-8.568382742755051851e-01 -8.631990017111761393e-01
4.317864854617907699e-01 -6.810240304889860763e-01
6.797885973202428822e-01 -1.033724266742024334e-01
-3.186100505717515130e-01 3.064790338305978246e-01
4.388057300988508214e-01 -7.117099542139471158e-01
-9.793353112486504752e-01 3.532272626908439239e-01
-3.239408382095476657e-01 8.771288978039657458e-01
-1.994064497688308180e-02 -6.146807713239939019e-01
-7.319595184746874317e-01 9.528971257046268128e-01
-5.194996121946511280e-01 1.286291614172707654e-01
-3.738145263711663002e-01 -1.865136712275259345e-01
-2.155480175530812836e-01 -1.708837142310146717e-01
-8.597063382700691481e-01 4.566534670774222704e-01
7.328245223908123052e-01 -1.376487098485159599e-01
9.611124520328819809e-01 -5.650120926160107082e-01
-6.658171621394162187e-01 2.803899876336533037e-01
-2.416306599298185809e-01 -4.142659739172711575e-01
-4.829831823204944197e-01 -7.182185008037100804e-01
-4.809558756458798268e-01 5.396936308085098499e-01
1.784708638468479602e-01 -2.988193844628057594e-01
-1.843483996433530336e-01 3.669983147740230045e-02
-9.588386506320976110e-01 -4.549944033176500646e-02
-5.154187323656049813e-01 -6.804181500920480907e-01
-8.247446969254341731e-01 -3.769305131993356817e-01
-8.484211813369137989e-01 1.642602656430798280e-01
-6.500789254513734683e-01 -6.275860424201975540e-01
7.344116878559621142e-01 -3.355031311657039605e-01
-9.816211902394138544e-01 -3.262981684896850698e-01
-4.336590040715471162e-02 -2.897531190374131871e-01
5.854354480084067447e-01 -4.880344916082719475e-01
6.790609735682413550e-01 -7.966220192848925130e-01
-2.420560492764154414e-01 1.427209580923187726e-01
-2.728315612567611126e-01 -9.290769834364014379e-01
-9.460217588385688714e-01 8.544771712648402406e-02
-3.401962281325063842e-01 6.247509496436007836e-01
-1.673030703303715061e-01 7.591463464480476819e-01
3.442627805142297603e-01 -1.146763742297507438e-01
-7.635352657922920283e-01 9.033585052010753014e-01
-5.142062273038172648e-02 2.264822883853927493e-01
-5.394893692023481346e-01 -6.197957333968773241e-02
-5.409366428699757812e-02 9.755915377467512251e-01
-9.141418291808995900e-01 -5.202707893951086238e-01
7.166803242021047016e-01 -2.796546510476438652e-01
-6.015611394875985951e-01 -1.774088386755308111e-01
-8.437462453478616897e-01 4.531351073205189817e-01
-7.600570094419234479e-02 8.645866499979677489e-01
5.633313747788164516e-01 -3.243066003903132266e-01
2.822074131787750684e-01 -5.857724423306873707e-01
3.768773830602893948e-01 -2.453249730421309671e-01
1.728080021982705272e-01 -3.074711673860455186e-01
-9.491596792505718749e-01 3.618088139858901542e-01
-6.627150260894150158e-01 -8.740770933362085326e-01
-9.822760713027305357e-01 -1.358627994725010169e-01
9.360250571514778795e-01 -2.495753416947295023e-01
-6.754545652180345972e-01 -4.371807123310034182e-01
-2.573771971610889775e-01 -6.931177707959677026e-01
7.202452893198005857e-01 -2.205484906896291175e-01
-6.081654074688305212e-01 8.531599892443344491e-01
-3.434409405096110479e-01 -5.117197015010399586e-01
-2.936018315138613222e-01 -8.284290555610662743e-02
-9.337903178064461684e-01 -2.379085820370323567e-01
-4.352202579898836188e-01 -8.677886063817739082e-01
-3.691937561709135451e-01 -6.517165382935876661e-01
2.954523163160138743e-02 -2.666546703105574512e-01
-3.839978192830786341e-01 -4.234680915588728833e-01
-9.556281075744765818e-01 9.668123323119823809e-01
-2.813876140445958907e-01 6.089880413949153581e-01
-5.605761617399340757e-02 -7.586680038172390894e-01
4.755490235490695827e-01 -1.224078833373243302e-01
-7.788720905284578500e-01 2.526894264137513613e-01
7.041462340792969954e-01 -2.504448780382622086e-01
-7.137421404395776214e-01 -5.479076520081629376e-01
-8.951618913553585077e-01 1.670577374738801968e-01
-8.265182810087101650e-01 3.538583284730665302e-01
-7.118545115691010672e-02 6.083819145335604972e-01
-9.692096855477208006e-01 4.689448447808819420e-01
1.185602676066748185e-01 -7.927346423886079130e-01
6.038942815388486096e-01 -7.702006485732395547e-01
-4.664417070173942914e-01 -1.195857914087901097e-01
-4.401838742253212367e-01 -8.630766087931032171e-01
-7.358367538695065324e-01 6.354572456941298686e-01
-2.622168885263524984e-01 3.473647801350729925e-01
-1.726813366628567881e-01 -2.981408464199217789e-01
8.917895027076983006e-01 -5.620804502099228106e-01
-5.944186237744051304e-01 -8.072308470678735137e-01
-1.128175860726872148e-01 8.554944905749490847e-01
-7.762769173344397089e-02 -5.578159614064073235e-01
-2.879664898736165046e-01 6.493703505334220694e-01
-1.719912897206596902e-01 2.316959881430620261e-01
-9.256984400009866665e-01 -5.810030401372763276e-01
-3.024240139309684050e-01 -7.185473407654077160e-01
-9.112709799479474793e-01 -1.721331612356948870e-01
7.639384808028544249e-01 -3.463241027491603674e-02
2.093872024282950051e-02 -2.326770664908073272e-02
9.400447353867740219e-01 -5.440230711748323955e-01
-9.570394418862642194e-01 -5.519588291569683669e-01
-2.868641794618256302e-01 2.721672593451569533e-01
-3.272871003604838069e-01 1.791819460106247597e-02
-1.173336425028457253e-01 -8.400835560074670916e-01
-9.218977204652361035e-01 7.675460036861192492e-01
5.799800624012683148e-01 -6.712531875994587338e-01
8.146484532607332074e-01 -5.658250777786746344e-01
4.701254693431557996e-01 -1.586811113608337376e-01
-4.467379803923077208e-01 -6.650128424644592418e-01
3.007386928744404386e-01 -3.649790052864179124e-01
-1.087642571089524335e-01 -7.733468209131029170e-01
5.733578663568918987e-01 -6.994650262632975402e-01
-3.456621591469570820e-01 8.795302237397553125e-01
4.905942169069170689e-01 -1.982232687604335020e-01
-5.091454817221592322e-01 3.567338055832547372e-01
-9.238708994770130634e-01 -4.825491517222959548e-01
7.607860835644362218e-01 -8.901672128219286773e-01
1.399419352399133842e-02 -7.016223793232612138e-01
-2.468337017984523207e-02 2.104898562665418194e-01
9.662696510486254997e-01 -7.547971105670070457e-01
3.016691499767543139e-01 -4.130218390881530421e-01
1.627632028216372539e-01 -5.870406404036230263e-01
8.661921677264952102e-01 -8.950695455978068260e-01
1.250125727700590605e-01 -6.255576518534846642e-01
-2.117825482906083856e-01 -6.485509363491814838e-02
-7.839419686674236054e-01 -4.346527825791659527e-01
-6.480810562111054551e-01 -1.343511187778991811e-01
1.169517918763640640e-01 -8.262799888619687394e-02
-6.110942288495802011e-01 2.726015472356289049e-01
1.302738143880286525e-01 -2.716931325621330107e-01
-2.112555206758024440e-01 9.994326504721942062e-01
-4.112263388051815571e-01 6.409475094429868403e-01
-3.770260143622361504e-02 -5.036816883483974383e-01
-1.975874355459681375e-01 -3.245919902890139763e-01
1.631977001084916612e-01 -3.647883918168361994e-01
-1.072114612560206570e-01 8.741258891016745469e-01
-2.584086764004136505e-01 -6.926377203184355125e-01
9.551249007871720487e-01 -9.378323239511880960e-01
2.385374472748214014e-01 -3.235424261360464460e-01
-4.072885003315176444e-01 -6.428543158665636081e-01
-4.165800703101214530e-01 6.300843371915472169e-01
-2.382275219172469427e-02 -2.577221380599903355e-02
3.060568697517818126e-01 -2.112549223296236178e-01
6.880804218611613621e-01 -9.748751746145734032e-02
-8.838398303620182972e-01 4.544575419990952714e-01
-9.829499607102731851e-01 4.626782958561590497e-01
3.816848412800819546e-01 -2.413699825701001167e-01
-7.954447403626967450e-01 -3.389931113561763798e-01
-4.378426627762723733e-01 -5.960031329472459394e-01
-9.787930152831125774e-01 -9.746936214053227854e-01
-4.666944391638130352e-01 5.714701565268722749e-01
4.241245592983047263e-01 -6.681131419544250605e-02
3.715765270863562453e-01 -7.810833532761352060e-02
-2.784575236052801994e-01 2.383397043239376956e-01
-1.821850914985658765e-01 3.883744428805093740e-01
-2.905824434847879001e-01 6.298960459968805381e-02
4.542102259989626578e-01 -6.014165613460176196e-02
1.327112120160351960e-01 -6.083687210446897531e-01
-9.303939913831540398e-01 -5.476871381471384304e-01
-1.898049878247212163e-01 8.204121363804111056e-01
-8.820698740319610209e-01 7.463376825105532131e-01
-1.336403337478644371e-01 -3.771763825167979700e-01
-1.288115851436959503e-01 -1.289879433812102238e-01
-4.375242982917937340e-01 6.317308893476423215e-01
2.185127503077868294e-01 -2.656054403024905586e-01
-2.515410393535100209e-01 -9.420874188026109319e-01
7.071723142159085373e-01 -7.331675386105107606e-02
-4.502746054129509456e-01 -1.504297300917212254e-02
-6.938742143544729402e-01 8.410953890987564741e-01
-4.550036927946332632e-02 2.734545928816904947e-01
-5.334991873846717247e-02 2.971054641939359087e-01
-6.080219499419712292e-01 -5.431407365411806687e-01
-1.123433637167601251e-01 -8.021797872937328489e-01
8.442067834285469363e-01 -1.397463468753801230e-02
-3.878021000127864770e-01 -3.880977283084687812e-01
-3.482712647881447410e-01 -5.399795283282065039e-01
-4.291027420246578128e-01 -1.708340576439100200e-01
-4.837892252238931157e-01 5.698268549089109403e-01
1.693200144585897959e-01 -4.706382156626569557e-01
-8.581739560350694074e-01 -2.051110663723676453e-01
-4.398574154042569351e-01 -8.337302483581261470e-01
-8.302127811256696521e-01 8.561472497157991413e-01
-5.399069172033097441e-01 -6.957971758277947671e-02
-8.615899452617179488e-01 -4.338046031618836285e-01
-8.609376449654333463e-01 -7.642623397618362180e-01
-2.008258965807052654e-01 -7.191901585589084434e-01
-5.548863520878972722e-01 2.793995048282531535e-01
-4.623037997076548944e-01 -3.476931518534016607e-01
-5.888150164286711785e-01 1.904715053010528347e-01
6.337714587671718913e-01 -9.797077394533948436e-03
6.113635333373275138e-01 -2.794417731589831089e-01
3.544933363369446866e-01 -2.893902849089327045e-01
-1.347524565401456709e-01 8.837790983148614554e-01
7.126420273278140094e-01 -6.495774124957336415e-01
8.740374693203682988e-01 -6.341884127464370025e-02
-7.860289537943181415e-01 -4.252967859908518555e-02
-4.827900070412718403e-01 9.730302168203524005e-01
-3.566320245682907952e-01 8.033508973106955331e-01
-6.138828344118387736e-01 3.987370830962047030e-01
-7.088868209521437258e-01 4.279517950994327080e-01
-6.573239363758507370e-01 -4.498869949542605440e-02
-7.460902955989319185e-01 6.417355180990802488e-01
-6.760138299841473852e-01 2.515364402441582214e-01
-9.816409193347133133e-01 2.672874845276851374e-02
-3.594511233262773775e-01 2.135034800503188279e-01
-8.519666209169232118e-01 -9.237826477775714640e-01
-2.443766798616009428e-01 -8.004943694908088769e-01
8.967645828387014184e-01 -9.780314159228926663e-01
-3.645484676481873798e-01 -3.002209965795412661e-01
-2.350707565370713237e-01 -6.345543823663608585e-01
-8.479262781371208479e-01 1.143414585097479730e-01
-5.962389119504618584e-02 7.075314722117767019e-01
-3.961699988012912232e-01 1.220170333691927844e-02
3.783606525590375025e-01 -5.986672780761763679e-01
2.716881362537131306e-01 -1.398349265017635457e-01
4.266589015470063639e-01 -3.491831652169588018e-01
5.883066261126110863e-01 -1.705099441465149912e-01
-1.851530556505691649e-01 -7.640141474145119016e-01
5.072418448016433601e-01 -2.929320093352472121e-02
-9.156660284486555224e-01 1.119301355812034604e-01
-7.023107754398747460e-01 -9.550389513660866303e-01
8.446930856287542255e-01 -6.945418395827400726e-01
-8.960991276633121227e-01 -3.816713575802044289e-03
-6.451715444890406825e-01 8.075897490073689067e-01
-6.253904686678772862e-01 8.028412414310110989e-01
1.638991374214564534e-01 -1.384336542393316272e-01
-2.705867003227824252e-01 3.418934078765083484e-01
-3.153590139792852298e-01 -7.430595103994819262e-02
-4.370735003389241147e-01 -4.355836757630515699e-02
-5.376218037749391776e-02 2.376914027541410235e-02
2.617659256399573753e-01 -1.419079152305382507e-01
